  -0.2916895094E-004
  -0.2574270181E-002
   0.1977642312E-001
  -0.1669648368E-001
   0.3472120244E-001
  -0.3328857313E-001
   0.5104392756E-001
  -0.5064238341E-001
   0.6811967307E-001
  -0.6885873512E-001
   0.8576411907E-001
  -0.8714853994E-001
   0.1028880735E+000
  -0.1047280994E+000
   0.1192613622E+000
  -0.1213804234E+000
   0.1342479565E+000
  -0.1363761162E+000
   0.1475072128E+000
  -0.1493421504E+000
   0.1587758934E+000
  -0.1601771617E+000
   0.1676629887E+000
  -0.1685770426E+000
   0.1741894571E+000
  -0.1744629403E+000
   0.1783245072E+000
  -0.1779042432E+000
   0.1800413006E+000
  -0.1789446870E+000
   0.1795322796E+000
  -0.1777743992E+000
   0.1769812407E+000
  -0.1745816632E+000
   0.1725638649E+000
  -0.1696281473E+000
   0.1665934314E+000
  -0.1631859481E+000
   0.1593047938E+000
  -0.1555149911E+000
   0.1509795477E+000
  -0.1469153632E+000
   0.1418976303E+000
  -0.1376441303E+000
   0.1322867677E+000
  -0.1279453505E+000
   0.1224059151E+000
  -0.1180483901E+000
   0.1124468191E+000
  -0.1081560243E+000
   0.1025809625E+000
  -0.9842866015E-001
   0.9297949912E-001
  -0.8900924785E-001
   0.8375190231E-001
  -0.8000749622E-001
   0.7498933880E-001
  -0.7150787481E-001
   0.6677543670E-001
  -0.6357146302E-001
   0.5913750993E-001
  -0.5623096186E-001
   0.5211494665E-001
  -0.4950580035E-001
   0.4571474581E-001
  -0.4339577628E-001
   0.3991860990E-001
  -0.3789116598E-001
   0.3472288961E-001
  -0.3296430132E-001
   0.3009209430E-001
  -0.2858820006E-001
   0.2598839899E-001
  -0.2472584680E-001
   0.2238333283E-001
  -0.2133431657E-001
   0.1922716931E-001
  -0.1837299200E-001
   0.1648009721E-001
  -0.1580221971E-001
   0.1410236441E-001
  -0.1357692370E-001
   0.1204843083E-001
  -0.1165862633E-001
   0.1028629439E-001
  -0.1001167968E-001
   0.8774561976E-002
  -0.8599192137E-002
   0.7481842360E-002
  -0.7392933091E-002
   0.6380480633E-002
  -0.6361325960E-002
   0.5441870667E-002
  -0.5480992001E-002
   0.4642302633E-002
  -0.4731227930E-002
   0.3962871132E-002
  -0.4090127554E-002
   0.3383915574E-002
  -0.3542783165E-002
   0.2890884058E-002
  -0.3075708178E-002
   0.2471127925E-002
  -0.2673992833E-002
   0.2111921314E-002
  -0.2330383104E-002
   0.1805641730E-002
  -0.2034790636E-002
   0.1542863483E-002
  -0.1778757591E-002
   0.1317598788E-002
  -0.1559326333E-002
   0.1123900324E-002
  -0.1368010741E-002
   0.9573890125E-003
  -0.1201971193E-002
   0.8137875505E-003
  -0.1058706049E-002
   0.6897545378E-003
  -0.9325836534E-003
   0.5829602233E-003
  -0.8230637770E-003
   0.4905661249E-003
  -0.7278870405E-003
   0.4106670544E-003
  -0.6435457656E-003
   0.3416420640E-003
  -0.5708681198E-003
   0.2823281106E-003
  -0.5065058143E-003
   0.2306583378E-003
  -0.4501338410E-003
   0.1867253213E-003
  -0.4012039672E-003
   0.1486127860E-003
  -0.3575619638E-003
   0.1159273227E-003
  -0.3199461035E-003
   0.8808628840E-004
  -0.2866626175E-003
   0.6420244517E-004
  -0.2573310602E-003
   0.4391283002E-004
  -0.2318722775E-003
   0.2683166663E-004
  -0.2093932670E-003
   0.1220803406E-004
  -0.1895217649E-003
   0.6523083646E-007
  -0.1724122896E-003
  -0.9961388492E-005
  -0.1569340162E-003
  -0.1857990992E-004
  -0.1436039294E-003
  -0.2530807285E-004
  -0.1319037144E-003
  -0.3105214153E-004
  -0.1212196198E-003
  -0.3556562617E-004
  -0.1122251618E-003
  -0.3899857818E-004
  -0.1038925540E-003
  -0.4192395452E-004
  -0.9669180374E-004
  -0.4394940546E-004
  -0.9033193232E-004
  -0.4541110822E-004
  -0.8444725557E-004
  -0.4652814977E-004
  -0.7936450943E-004
  -0.4703863804E-004
  -0.7479296722E-004
  -0.4733210215E-004
  -0.7048299603E-004
  -0.4736448127E-004
  -0.6688383206E-004
  -0.4703334697E-004
  -0.6341982523E-004
  -0.4669485683E-004
  -0.6023275299E-004
  -0.4601073470E-004
  -0.5751604562E-004
  -0.4528901483E-004
  -0.5478644489E-004
  -0.4458979668E-004
  -0.5248880889E-004
  -0.4356960765E-004
  -0.5021274765E-004
  -0.4268451738E-004
  -0.4811168045E-004
  -0.4169999375E-004
  -0.4626086962E-004
  -0.4065420884E-004
  -0.4442968496E-004
  -0.3966779558E-004
  -0.4273393013E-004
  -0.3863678316E-004
  -0.4120042240E-004
  -0.3752213152E-004
  -0.3963643875E-004
  -0.3660964487E-004
  -0.3828563753E-004
  -0.3551182976E-004
  -0.3695466149E-004
  -0.3452409587E-004
  -0.3562544933E-004
  -0.3358909757E-004
  -0.3449598719E-004
  -0.3253565559E-004
  -0.3330987667E-004
  -0.3168004786E-004
  -0.3218364682E-004
  -0.3069535947E-004
  -0.3121315897E-004
  -0.2982717134E-004
  -0.3014751930E-004
  -0.2898151559E-004
  -0.2922058028E-004
  -0.2808411786E-004
  -0.2831449063E-004
  -0.2731328457E-004
  -0.2741407055E-004
  -0.2652677514E-004
  -0.2660708517E-004
  -0.2571455448E-004
  -0.2576285986E-004
  -0.2499057646E-004
  -0.2496018610E-004
  -0.2426769736E-004
  -0.2428754707E-004
  -0.2357676655E-004
  -0.2350964839E-004
  -0.2290880942E-004
  -0.2282195515E-004
  -0.2223570863E-004
  -0.2220589737E-004
  -0.2164137362E-004
  -0.2149914202E-004
  -0.2100903300E-004
  -0.2092055552E-004
  -0.2041067457E-004
  -0.2032192642E-004
  -0.1988788532E-004
  -0.1973452221E-004
  -0.1929461765E-004
  -0.1919351964E-004
  -0.1877694574E-004
  -0.1865391094E-004
  -0.1828289624E-004
  -0.1813030978E-004
  -0.1776063272E-004
  -0.1766606154E-004
  -0.1730880548E-004
  -0.1715139794E-004
  -0.1683887770E-004
  -0.1670748799E-004
  -0.1637546943E-004
  -0.1626802321E-004
  -0.1597576276E-004
  -0.1581115216E-004
  -0.1553387209E-004
  -0.1542379304E-004
  -0.1512436729E-004
  -0.1499234554E-004
  -0.1476032900E-004
  -0.1461410464E-004
  -0.1434905579E-004
  -0.1425393841E-004
  -0.1401625468E-004
  -0.1386232964E-004
  -0.1364577047E-004
  -0.1353360698E-004
  -0.1329675415E-004
  -0.1318119695E-004
  -0.1298617781E-004
  -0.1284981464E-004
  -0.1263982140E-004
  -0.1253195531E-004
  -0.1233867925E-004
  -0.1222786825E-004
  -0.1204893939E-004
  -0.1192057775E-004
  -0.1173925322E-004
  -0.1164308598E-004
  -0.1146250982E-004
  -0.1134144648E-004
  -0.1119068054E-004
  -0.1108325564E-004
  -0.1091442448E-004
  -0.1082523079E-004
  -0.1067431896E-004
  -0.1054698381E-004
  -0.1040498643E-004
  -0.1032170080E-004
  -0.1016573495E-004
  -0.1006300665E-004
  -0.9943936033E-005
  -0.9838885470E-005
  -0.9690393999E-005
  -0.9606645084E-005
  -0.9485856884E-005
  -0.9387013803E-005
  -0.9267265449E-005
  -0.9175542165E-005
  -0.9047865627E-005
  -0.8964513565E-005
  -0.8853059518E-005
  -0.8759920945E-005
  -0.8653865565E-005
  -0.8572715193E-005
  -0.8454499277E-005
  -0.8374390120E-005
  -0.8277389045E-005
  -0.8182380100E-005
  -0.8078069205E-005
  -0.8014810846E-005
  -0.7912107075E-005
  -0.7823088055E-005
  -0.7742282294E-005
  -0.7671382191E-005
  -0.7564154346E-005
  -0.7492013948E-005
  -0.7411591288E-005
  -0.7327938981E-005
  -0.7238046379E-005
  -0.7179437088E-005
  -0.7095163607E-005
  -0.7017267122E-005
  -0.6938459070E-005
  -0.6875479802E-005
  -0.6797612874E-005
  -0.6728702408E-005
  -0.6644917541E-005
  -0.6580038866E-005
  -0.6513224601E-005
  -0.6447136011E-005
  -0.6370590592E-005
  -0.6314893192E-005
  -0.6242461805E-005
  -0.6172534441E-005
  -0.6111614096E-005
  -0.6059477294E-005
  -0.5982617578E-005
  -0.5921656961E-005
  -0.5865136421E-005
  -0.5804920552E-005
  -0.5739717954E-005
  -0.5693002875E-005
  -0.5628534660E-005
  -0.5562440911E-005
  -0.5506062437E-005
  -0.5459052923E-005
  -0.5398046177E-005
  -0.5347548677E-005
  -0.5295677240E-005
  -0.5242454365E-005
  -0.5185590779E-005
  -0.5135368173E-005
  -0.5077135830E-005
  -0.5027297021E-005
  -0.4978358236E-005
  -0.4931199132E-005
  -0.4882964667E-005
  -0.4839771762E-005
  -0.4784804768E-005
  -0.4735385950E-005
  -0.4691919671E-005
  -0.4646420131E-005
  -0.4594259867E-005
  -0.4554753031E-005
  -0.4511155443E-005
  -0.4463137016E-005
  -0.4420135198E-005
  -0.4383011961E-005
  -0.4333553080E-005
  -0.4289157883E-005
  -0.4251827609E-005
  -0.4212160251E-005
  -0.4166925968E-005
  -0.4130009275E-005
  -0.4090086745E-005
  -0.4047726405E-005
  -0.4007517180E-005
  -0.3972856649E-005
  -0.3935506368E-005
  -0.3899252377E-005
  -0.3859939717E-005
  -0.3822354220E-005
  -0.3785728602E-005
  -0.3748613717E-005
  -0.3710035200E-005
  -0.3680256970E-005
  -0.3649037825E-005
  -0.3611690625E-005
  -0.3575842404E-005
  -0.3544878022E-005
  -0.3506704413E-005
  -0.3471575078E-005
  -0.3444657944E-005
  -0.3414986705E-005
  -0.3378734509E-005
  -0.3349906379E-005
  -0.3320585017E-005
  -0.3284460667E-005
  -0.3251123210E-005
  -0.3225899577E-005
  -0.3196631442E-005
  -0.3166213780E-005
  -0.3139177378E-005
  -0.3111443615E-005
  -0.3078757257E-005
  -0.3048664320E-005
  -0.3022298337E-005
  -0.2997451629E-005
  -0.2969210583E-005
  -0.2939639850E-005
  -0.2913212079E-005
  -0.2890122582E-005
  -0.2862378430E-005
  -0.2834574931E-005
  -0.2811972314E-005
  -0.2788098946E-005
  -0.2758441892E-005
  -0.2733393029E-005
  -0.2711425223E-005
  -0.2685073389E-005
  -0.2659210951E-005
  -0.2639766753E-005
  -0.2617204941E-005
  -0.2590464627E-005
  -0.2566962315E-005
  -0.2545913694E-005
  -0.2521745796E-005
  -0.2498855807E-005
  -0.2478784548E-005
  -0.2458049186E-005
  -0.2434956571E-005
  -0.2412505313E-005
  -0.2391564252E-005
  -0.2371570761E-005
  -0.2349864160E-005
  -0.2328424658E-005
  -0.2309734280E-005
  -0.2290677673E-005
  -0.2267916094E-005
  -0.2247255361E-005
  -0.2229569492E-005
  -0.2209579541E-005
  -0.2189111853E-005
  -0.2173095664E-005
  -0.2155609753E-005
  -0.2134151308E-005
  -0.2114766841E-005
  -0.2097829984E-005
  -0.2078567985E-005
  -0.2060535647E-005
  -0.2045476986E-005
  -0.2028550114E-005
  -0.2009402854E-005
  -0.1992455671E-005
  -0.1975655145E-005
  -0.1956937308E-005
  -0.1939356772E-005
  -0.1924822400E-005
  -0.1910333238E-005
  -0.1894219700E-005
  -0.1877308977E-005
  -0.1861148662E-005
  -0.1844876124E-005
  -0.1827848661E-005
  -0.1812377718E-005
  -0.1799821453E-005
  -0.1785782053E-005
  -0.1769026419E-005
  -0.1753840534E-005
  -0.1740229635E-005
  -0.1724353362E-005
  -0.1708817859E-005
  -0.1696195344E-005
  -0.1682954598E-005
  -0.1668014136E-005
  -0.1654688063E-005
  -0.1641427029E-005
  -0.1626240241E-005
  -0.1612333331E-005
  -0.1600901667E-005
  -0.1588263513E-005
  -0.1574279710E-005
  -0.1561392282E-005
  -0.1549002277E-005
  -0.1535532845E-005
  -0.1522342174E-005
  -0.1510719244E-005
  -0.1499531277E-005
  -0.1486849496E-005
  -0.1473604641E-005
  -0.1461947079E-005
  -0.1450878016E-005
  -0.1438271754E-005
  -0.1426322733E-005
  -0.1416521623E-005
  -0.1405501864E-005
  -0.1392341721E-005
  -0.1380858072E-005
  -0.1370745142E-005
  -0.1359152620E-005
  -0.1347874617E-005
  -0.1338544450E-005
  -0.1328088775E-005
  -0.1316137289E-005
  -0.1305613633E-005
  -0.1295725958E-005
  -0.1284413476E-005
  -0.1273898857E-005
  -0.1265493681E-005
  -0.1256272700E-005
  -0.1244963101E-005
  -0.1234382200E-005
  -0.1225582440E-005
  -0.1216150772E-005
  -0.1205370414E-005
  -0.1195914573E-005
  -0.1188121650E-005
  -0.1178869681E-005
  -0.1168043804E-005
  -0.1158972785E-005
  -0.1151102448E-005
  -0.1141499987E-005
  -0.1131663424E-005
  -0.1123935938E-005
  -0.1116018166E-005
  -0.1106475320E-005
  -0.1097604013E-005
  -0.1089636536E-005
  -0.1080653726E-005
  -0.1071673966E-005
  -0.1064143783E-005
  -0.1056573541E-005
  -0.1048057056E-005
  -0.1039901462E-005
  -0.1032136499E-005
  -0.1023661874E-005
  -0.1015038840E-005
  -0.1007555671E-005
  -0.1000716136E-005
  -0.9932392263E-006
  -0.9852769502E-006
  -0.9777668351E-006
  -0.9702958716E-006
  -0.9622265665E-006
  -0.9546814204E-006
  -0.9484175420E-006
  -0.9418422648E-006
  -0.9342042397E-006
  -0.9268917114E-006
  -0.9200158725E-006
  -0.9125232558E-006
  -0.9053068413E-006
  -0.8992211879E-006
  -0.8928453310E-006
  -0.8856140459E-006
  -0.8789042736E-006
  -0.8726816233E-006
  -0.8658653543E-006
  -0.8590172929E-006
  -0.8528995520E-006
  -0.8466962544E-006
  -0.8400205970E-006
  -0.8337187939E-006
  -0.8278995370E-006
  -0.8217423371E-006
  -0.8152997264E-006
  -0.8093172515E-006
  -0.8036111126E-006
  -0.7974217537E-006
  -0.7910933303E-006
  -0.7854017544E-006
  -0.7798737080E-006
  -0.7739118821E-006
  -0.7682364309E-006
  -0.7630404030E-006
  -0.7572459244E-006
  -0.7510004757E-006
  -0.7455384644E-006
  -0.7404546846E-006
  -0.7348309321E-006
  -0.7294084908E-006
  -0.7245690771E-006
  -0.7191912882E-006
  -0.7133228231E-006
  -0.7082000363E-006
  -0.7035062568E-006
  -0.6981961166E-006
  -0.6927783079E-006
  -0.6879437064E-006
  -0.6830724636E-006
  -0.6778241842E-006
  -0.6728771025E-006
  -0.6682891504E-006
  -0.6633782704E-006
  -0.6583088373E-006
  -0.6537408846E-006
  -0.6492651636E-006
  -0.6442601237E-006
  -0.6394100763E-006
  -0.6352531738E-006
  -0.6307905246E-006
  -0.6256361841E-006
  -0.6210413188E-006
  -0.6171466535E-006
  -0.6126101744E-006
  -0.6077006555E-006
  -0.6037181136E-006
  -0.5998979348E-006
  -0.5950025058E-006
  -0.5901504315E-006
  -0.5864448291E-006
  -0.5826755912E-006
  -0.5780311173E-006
  -0.5736778092E-006
  -0.5700586405E-006
  -0.5660996320E-006
  -0.5616905893E-006
  -0.5577900047E-006
  -0.5542206814E-006
  -0.5501198308E-006
  -0.5458413871E-006
  -0.5420834116E-006
  -0.5383592269E-006
  -0.5342714995E-006
  -0.5305131252E-006
  -0.5271610267E-006
  -0.5233151080E-006
  -0.5191962473E-006
  -0.5157960273E-006
  -0.5125977301E-006
  -0.5086331174E-006
  -0.5046495269E-006
  -0.5014411182E-006
  -0.4981009901E-006
  -0.4941100228E-006
  -0.4904873296E-006
  -0.4875275820E-006
  -0.4842611701E-006
  -0.4805841594E-006
  -0.4772582442E-006
  -0.4741305547E-006
  -0.4705901693E-006
  -0.4669594471E-006
  -0.4637614977E-006
  -0.4606984456E-006
  -0.4574627965E-006
  -0.4543172624E-006
  -0.4512735536E-006
  -0.4480221661E-006
  -0.4447967728E-006
  -0.4419406927E-006
  -0.4390165990E-006
  -0.4356774327E-006
  -0.4324832099E-006
  -0.4296972255E-006
  -0.4267142932E-006
  -0.4234690702E-006
  -0.4206065554E-006
  -0.4179879372E-006
  -0.4149651423E-006
  -0.4118204551E-006
  -0.4091332341E-006
  -0.4065425506E-006
  -0.4035874169E-006
  -0.4006243409E-006
  -0.3979438150E-006
  -0.3952305451E-006
  -0.3923826565E-006
  -0.3896902312E-006
  -0.3871291802E-006
  -0.3844561646E-006
  -0.3817686905E-006
  -0.3792218196E-006
  -0.3766412205E-006
  -0.3739338813E-006
  -0.3712946845E-006
  -0.3687485135E-006
  -0.3661683623E-006
  -0.3636922127E-006
  -0.3614002765E-006
  -0.3589776203E-006
  -0.3563513746E-006
  -0.3539048569E-006
  -0.3516204742E-006
  -0.3490906319E-006
  -0.3464876335E-006
  -0.3442468018E-006
  -0.3420823882E-006
  -0.3395935540E-006
  -0.3371390874E-006
  -0.3350209156E-006
  -0.3328461310E-006
  -0.3304582275E-006
  -0.3282510420E-006
  -0.3262029945E-006
  -0.3239026583E-006
  -0.3214802046E-006
  -0.3193066373E-006
  -0.3172043264E-006
  -0.3149656510E-006
  -0.3128759171E-006
  -0.3109684059E-006
  -0.3088158048E-006
  -0.3064944768E-006
  -0.3044902059E-006
  -0.3026079345E-006
  -0.3003883648E-006
  -0.2982037706E-006
  -0.2964728031E-006
  -0.2946443307E-006
  -0.2923423845E-006
  -0.2902317093E-006
  -0.2885964512E-006
  -0.2867097084E-006
  -0.2844209861E-006
  -0.2824904039E-006
  -0.2809496398E-006
  -0.2790681671E-006
  -0.2769087903E-006
  -0.2750817871E-006
  -0.2734042078E-006
  -0.2714181951E-006
  -0.2694515427E-006
  -0.2678540610E-006
  -0.2662147146E-006
  -0.2642779912E-006
  -0.2624403448E-006
  -0.2607966453E-006
  -0.2589803397E-006
  -0.2570905551E-006
  -0.2554930096E-006
  -0.2539500631E-006
  -0.2521287037E-006
  -0.2503513326E-006
  -0.2488562643E-006
  -0.2472501658E-006
  -0.2454097509E-006
  -0.2437710713E-006
  -0.2423399146E-006
  -0.2406722608E-006
  -0.2388652148E-006
  -0.2373307756E-006
  -0.2358948416E-006
  -0.2342292309E-006
  -0.2325866273E-006
  -0.2312025864E-006
  -0.2297580514E-006
  -0.2280858683E-006
  -0.2265107112E-006
  -0.2251159428E-006
  -0.2236104133E-006
  -0.2220231955E-006
  -0.2206202042E-006
  -0.2192747794E-006
  -0.2177426365E-006
  -0.2162093895E-006
  -0.2148837703E-006
  -0.2135620838E-006
  -0.2120961846E-006
  -0.2106734080E-006
  -0.2093392043E-006
  -0.2079046718E-006
  -0.2064172952E-006
  -0.2050929839E-006
  -0.2038698642E-006
  -0.2025552989E-006
  -0.2011831383E-006
  -0.1998451512E-006
  -0.1984902175E-006
  -0.1971172571E-006
  -0.1958295924E-006
  -0.1946215327E-006
  -0.1934005707E-006
  -0.1921601017E-006
  -0.1909179149E-006
  -0.1896405427E-006
  -0.1883490577E-006
  -0.1871072468E-006
  -0.1858969176E-006
  -0.1846889680E-006
  -0.1835254812E-006
  -0.1823822798E-006
  -0.1811621839E-006
  -0.1799062585E-006
  -0.1787333151E-006
  -0.1775930402E-006
  -0.1763945628E-006
  -0.1752339180E-006
  -0.1741794185E-006
  -0.1730931574E-006
  -0.1719202814E-006
  -0.1707915223E-006
  -0.1697027699E-006
  -0.1685400540E-006
  -0.1674041506E-006
  -0.1664209531E-006
  -0.1654195218E-006
  -0.1642708568E-006
  -0.1631755033E-006
  -0.1622124829E-006
  -0.1611454822E-006
  -0.1599695167E-006
  -0.1589703544E-006
  -0.1580942700E-006
  -0.1570280272E-006
  -0.1558755878E-006
  -0.1549429940E-006
  -0.1540685943E-006
  -0.1529738407E-006
  -0.1518811066E-006
  -0.1510366350E-006
  -0.1501780076E-006
  -0.1491043362E-006
  -0.1480865398E-006
  -0.1472483321E-006
  -0.1463192328E-006
  -0.1452666414E-006
  -0.1443574790E-006
  -0.1435461439E-006
  -0.1425923787E-006
  -0.1416088365E-006
  -0.1407799533E-006
  -0.1399232692E-006
  -0.1389142552E-006
  -0.1379881804E-006
  -0.1372054080E-006
  -0.1363071325E-006
  -0.1353236520E-006
  -0.1345489714E-006
  -0.1338802410E-006
  -0.1329853063E-006
  -0.1319767520E-006
  -0.1311536493E-006
  -0.1303945491E-006
  -0.1294932427E-006
  -0.1286351612E-006
  -0.1279664248E-006
  -0.1272424515E-006
  -0.1263267840E-006
  -0.1254418152E-006
  -0.1246827491E-006
  -0.1238905610E-006
  -0.1230715558E-006
  -0.1223664726E-006
  -0.1216939923E-006
  -0.1209150282E-006
  -0.1201187171E-006
  -0.1193771629E-006
  -0.1185745377E-006
  -0.1177238137E-006
  -0.1170118834E-006
  -0.1164090569E-006
  -0.1157048568E-006
  -0.1149216832E-006
  -0.1142228786E-006
  -0.1135402941E-006
  -0.1127422631E-006
  -0.1119554925E-006
  -0.1113232716E-006
  -0.1107157095E-006
  -0.1099973032E-006
  -0.1092724090E-006
  -0.1086306953E-006
  -0.1079718685E-006
  -0.1072438518E-006
  -0.1065531340E-006
  -0.1059463267E-006
  -0.1053374405E-006
  -0.1046814919E-006
  -0.1040189531E-006
  -0.1033633938E-006
  -0.1026934380E-006
  -0.1020233183E-006
  -0.1013876476E-006
  -0.1007876133E-006
  -0.1001966526E-006
  -0.9959691527E-007
  -0.9899264801E-007
  -0.9838918292E-007
  -0.9777192049E-007
  -0.9713740374E-007
  -0.9652446791E-007
  -0.9595390890E-007
  -0.9537874251E-007
  -0.9477246711E-007
  -0.9418860007E-007
  -0.9364644850E-007
  -0.9307880899E-007
  -0.9247442237E-007
  -0.9191079611E-007
  -0.9138670673E-007
  -0.9081778267E-007
  -0.9021833438E-007
  -0.8967021987E-007
  -0.8914467279E-007
  -0.8857754498E-007
  -0.8802467080E-007
  -0.8753385639E-007
  -0.8702458455E-007
  -0.8646669047E-007
  -0.8595372217E-007
  -0.8548448608E-007
  -0.8495024451E-007
  -0.8437999225E-007
  -0.8388462909E-007
  -0.8340493022E-007
  -0.8284519359E-007
  -0.8231380170E-007
  -0.8190367068E-007
  -0.8146826361E-007
  -0.8091392134E-007
  -0.8039601354E-007
  -0.7997882723E-007
  -0.7949316599E-007
  -0.7891306625E-007
  -0.7843217514E-007
  -0.7806157221E-007
  -0.7761177647E-007
  -0.7708734509E-007
  -0.7664520344E-007
  -0.7624166892E-007
  -0.7574587086E-007
  -0.7523970215E-007
  -0.7483720572E-007
  -0.7444037180E-007
  -0.7396018603E-007
  -0.7349006106E-007
  -0.7307144699E-007
  -0.7261471060E-007
  -0.7213846329E-007
  -0.7174737655E-007
  -0.7138784086E-007
  -0.7094953685E-007
  -0.7049509350E-007
  -0.7010334280E-007
  -0.6968953553E-007
  -0.6921492567E-007
  -0.6880079224E-007
  -0.6846673232E-007
  -0.6807419923E-007
  -0.6761813771E-007
  -0.6723189481E-007
  -0.6689602561E-007
  -0.6648808022E-007
  -0.6605271141E-007
  -0.6569738928E-007
  -0.6535530316E-007
  -0.6493521077E-007
  -0.6451627942E-007
  -0.6416744723E-007
  -0.6380503588E-007
  -0.6339190483E-007
  -0.6302166981E-007
  -0.6270858896E-007
  -0.6235430170E-007
  -0.6195427315E-007
  -0.6158989408E-007
  -0.6124723519E-007
  -0.6086781676E-007
  -0.6049605085E-007
  -0.6018412507E-007
  -0.5987053856E-007
  -0.5950412288E-007
  -0.5914322263E-007
  -0.5882416039E-007
  -0.5849128301E-007
  -0.5812633762E-007
  -0.5778641648E-007
  -0.5747868207E-007
  -0.5714759530E-007
  -0.5679248556E-007
  -0.5646488124E-007
  -0.5616436921E-007
  -0.5584912606E-007
  -0.5552115027E-007
  -0.5521003612E-007
  -0.5490649796E-007
  -0.5458441436E-007
  -0.5425614056E-007
  -0.5394976342E-007
  -0.5365930354E-007
  -0.5336153914E-007
  -0.5305856233E-007
  -0.5276423917E-007
  -0.5246828815E-007
  -0.5215507371E-007
  -0.5184216611E-007
  -0.5155560074E-007
  -0.5128246596E-007
  -0.5099494655E-007
  -0.5069837878E-007
  -0.5040641998E-007
  -0.5010644542E-007
  -0.4980133497E-007
  -0.4952994395E-007
  -0.4929464147E-007
  -0.4904139186E-007
  -0.4875368305E-007
  -0.4847368501E-007
  -0.4820576652E-007
  -0.4791409788E-007
  -0.4762125493E-007
  -0.4737737570E-007
  -0.4714873520E-007
  -0.4687489081E-007
  -0.4658906257E-007
  -0.4634482388E-007
  -0.4610417609E-007
  -0.4582783542E-007
  -0.4556491315E-007
  -0.4534091307E-007
  -0.4509478285E-007
  -0.4481138707E-007
  -0.4455736334E-007
  -0.4433741914E-007
  -0.4408849135E-007
  -0.4382371558E-007
  -0.4360323220E-007
  -0.4339627514E-007
  -0.4314387410E-007
  -0.4288308781E-007
  -0.4265805838E-007
  -0.4242444411E-007
  -0.4216408230E-007
  -0.4194155609E-007
  -0.4175961057E-007
  -0.4153643753E-007
  -0.4127206195E-007
  -0.4104533528E-007
  -0.4084693850E-007
  -0.4061166898E-007
  -0.4036990031E-007
  -0.4017819916E-007
  -0.3998683025E-007
  -0.3974375951E-007
  -0.3950718507E-007
  -0.3931926451E-007
  -0.3912033704E-007
  -0.3888526728E-007
  -0.3867365801E-007
  -0.3849115952E-007
  -0.3827902020E-007
  -0.3804869442E-007
  -0.3785381893E-007
  -0.3766790642E-007
  -0.3744760117E-007
  -0.3723431273E-007
  -0.3705933737E-007
  -0.3686863502E-007
  -0.3664394793E-007
  -0.3644833617E-007
  -0.3628615934E-007
  -0.3608908999E-007
  -0.3586731868E-007
  -0.3569186743E-007
  -0.3553903416E-007
  -0.3533676686E-007
  -0.3511755603E-007
  -0.3494863265E-007
  -0.3478957171E-007
  -0.3458074248E-007
  -0.3436948616E-007
  -0.3420868932E-007
  -0.3405080226E-007
  -0.3385532313E-007
  -0.3366999245E-007
  -0.3352089626E-007
  -0.3335661722E-007
  -0.3315759031E-007
  -0.3297115691E-007
  -0.3281069351E-007
  -0.3264009996E-007
  -0.3245919426E-007
  -0.3229698359E-007
  -0.3214127506E-007
  -0.3196612954E-007
  -0.3178989790E-007
  -0.3163333724E-007
  -0.3147496335E-007
  -0.3130297363E-007
  -0.3114440883E-007
  -0.3100302616E-007
  -0.3084314609E-007
  -0.3066170217E-007
  -0.3049761747E-007
  -0.3035530588E-007
  -0.3019946963E-007
  -0.3003003777E-007
  -0.2988114596E-007
  -0.2974888773E-007
  -0.2959880744E-007
  -0.2943477151E-007
  -0.2928571858E-007
  -0.2914290380E-007
  -0.2898177166E-007
  -0.2881934692E-007
  -0.2868231220E-007
  -0.2855247508E-007
  -0.2840514538E-007
  -0.2825754636E-007
  -0.2812528663E-007
  -0.2798602325E-007
  -0.2783180265E-007
  -0.2769107797E-007
  -0.2756450586E-007
  -0.2741736929E-007
  -0.2725676841E-007
  -0.2712581709E-007
  -0.2701487150E-007
  -0.2687885850E-007
  -0.2673143108E-007
  -0.2661318678E-007
  -0.2649671921E-007
  -0.2633843359E-007
  -0.2617695189E-007
  -0.2606419509E-007
  -0.2596320984E-007
  -0.2582422589E-007
  -0.2568034772E-007
  -0.2556821934E-007
  -0.2545032029E-007
  -0.2530082213E-007
  -0.2516248937E-007
  -0.2505520950E-007
  -0.2493967022E-007
  -0.2480734912E-007
  -0.2469171004E-007
  -0.2458363457E-007
  -0.2444894716E-007
  -0.2430791176E-007
  -0.2419380579E-007
  -0.2408415254E-007
  -0.2396079596E-007
  -0.2385639640E-007
  -0.2377145478E-007
  -0.2365247049E-007
  -0.2350119992E-007
  -0.2338017818E-007
  -0.2328780888E-007
  -0.2316726145E-007
  -0.2303299650E-007
  -0.2294021831E-007
  -0.2286054212E-007
  -0.2273553009E-007
  -0.2259757184E-007
  -0.2250017233E-007
  -0.2240863710E-007
  -0.2228192163E-007
  -0.2216182502E-007
  -0.2207919546E-007
  -0.2198732015E-007
  -0.2186378482E-007
  -0.2175299204E-007
  -0.2166291993E-007
  -0.2155119477E-007
  -0.2142714454E-007
  -0.2133551899E-007
  -0.2125562447E-007
  -0.2114319391E-007
  -0.2102630951E-007
  -0.2094312322E-007
  -0.2085697502E-007
  -0.2073674394E-007
  -0.2062725815E-007
  -0.2055346619E-007
  -0.2046567256E-007
  -0.2034680825E-007
  -0.2025075634E-007
  -0.2018694987E-007
  -0.2009663827E-007
  -0.1997186840E-007
  -0.1986892632E-007
  -0.1979522814E-007
  -0.1970632283E-007
  -0.1960408419E-007
  -0.1952307534E-007
  -0.1944722558E-007
  -0.1934228610E-007
  -0.1922950304E-007
  -0.1914196313E-007
  -0.1906239080E-007
  -0.1897069354E-007
  -0.1888649391E-007
  -0.1881533344E-007
  -0.1872742745E-007
  -0.1862158696E-007
  -0.1853179359E-007
  -0.1845788123E-007
  -0.1837063080E-007
  -0.1827906361E-007
  -0.1820969668E-007
  -0.1814158101E-007
  -0.1804388624E-007
  -0.1794151617E-007
  -0.1786653555E-007
  -0.1779521700E-007
  -0.1770364314E-007
  -0.1762099162E-007
  -0.1756343642E-007
  -0.1749076239E-007
  -0.1738506248E-007
  -0.1728965584E-007
  -0.1722490671E-007
  -0.1715465418E-007
  -0.1706763318E-007
  -0.1699698643E-007
  -0.1694067703E-007
  -0.1686056874E-007
  -0.1676473051E-007
  -0.1669336545E-007
  -0.1663515121E-007
  -0.1655263829E-007
  -0.1646200951E-007
  -0.1639650470E-007
  -0.1633460473E-007
  -0.1624846862E-007
  -0.1616558061E-007
  -0.1610873816E-007
  -0.1604571827E-007
  -0.1595885042E-007
  -0.1588273521E-007
  -0.1582831492E-007
  -0.1576002490E-007
  -0.1567536693E-007
  -0.1561072725E-007
  -0.1555960339E-007
  -0.1548382279E-007
  -0.1539578818E-007
  -0.1533277819E-007
  -0.1527884428E-007
  -0.1520339808E-007
  -0.1512954273E-007
  -0.1508129616E-007
  -0.1502649411E-007
  -0.1494274879E-007
  -0.1486423767E-007
  -0.1480903057E-007
  -0.1474617651E-007
  -0.1466997155E-007
  -0.1461306899E-007
  -0.1456994948E-007
  -0.1450361087E-007
  -0.1442393846E-007
  -0.1436577634E-007
  -0.1431499491E-007
  -0.1424428218E-007
  -0.1417593751E-007
  -0.1412990400E-007
  -0.1407388958E-007
  -0.1399196238E-007
  -0.1392301497E-007
  -0.1388006026E-007
  -0.1382390157E-007
  -0.1375026897E-007
  -0.1369995981E-007
  -0.1366619917E-007
  -0.1360103688E-007
  -0.1351365450E-007
  -0.1345316728E-007
  -0.1341127997E-007
  -0.1334792737E-007
  -0.1327946818E-007
  -0.1324076255E-007
  -0.1320633787E-007
  -0.1313999287E-007
  -0.1306634242E-007
  -0.1301689423E-007
  -0.1297037871E-007
  -0.1290698950E-007
  -0.1284998637E-007
  -0.1280900942E-007
  -0.1275636949E-007
  -0.1268697255E-007
  -0.1262861669E-007
  -0.1258381061E-007
  -0.1253159716E-007
  -0.1247800315E-007
  -0.1243846396E-007
  -0.1239506275E-007
  -0.1233111851E-007
  -0.1226977057E-007
  -0.1222724505E-007
  -0.1217893439E-007
  -0.1211365595E-007
  -0.1206020023E-007
  -0.1202715228E-007
  -0.1198391535E-007
  -0.1192398747E-007
  -0.1187596611E-007
  -0.1184023190E-007
  -0.1178735431E-007
  -0.1172075788E-007
  -0.1167029385E-007
  -0.1163253979E-007
  -0.1158344272E-007
  -0.1153037493E-007
  -0.1149152272E-007
  -0.1145322405E-007
  -0.1140014569E-007
  -0.1134944073E-007
  -0.1131231270E-007
  -0.1126851521E-007
  -0.1121128349E-007
  -0.1116345591E-007
  -0.1112757422E-007
  -0.1107986186E-007
  -0.1102385842E-007
  -0.1098575567E-007
  -0.1095731710E-007
  -0.1090999527E-007
  -0.1085402451E-007
  -0.1081649523E-007
  -0.1078303127E-007
  -0.1072749931E-007
  -0.1066859407E-007
  -0.1063370116E-007
  -0.1060456870E-007
  -0.1055610694E-007
  -0.1050504941E-007
  -0.1047066815E-007
  -0.1043585554E-007
  -0.1038723667E-007
  -0.1034264322E-007
  -0.1030989715E-007
  -0.1027053958E-007
  -0.1022104829E-007
  -0.1017878162E-007
  -0.1014338044E-007
  -0.1010117839E-007
  -0.1005844294E-007
  -0.1002537318E-007
  -0.9989100259E-008
  -0.9941751426E-008
  -0.9901701410E-008
  -0.9874742019E-008
  -0.9837901208E-008
  -0.9786185984E-008
  -0.9743862465E-008
  -0.9714039875E-008
  -0.9674239950E-008
  -0.9627516843E-008
  -0.9597134990E-008
  -0.9574306366E-008
  -0.9532645614E-008
  -0.9481677082E-008
  -0.9447143458E-008
  -0.9420141281E-008
  -0.9379960741E-008
  -0.9337276829E-008
  -0.9307170571E-008
  -0.9275965504E-008
  -0.9233348032E-008
  -0.9195450752E-008
  -0.9168275493E-008
  -0.9134297196E-008
  -0.9091690565E-008
  -0.9058083322E-008
  -0.9030524158E-008
  -0.8991370431E-008
  -0.8947829732E-008
  -0.8917318634E-008
  -0.8890046683E-008
  -0.8851254729E-008
  -0.8814334691E-008
  -0.8790926352E-008
  -0.8762433901E-008
  -0.8717023956E-008
  -0.8675101478E-008
  -0.8649152298E-008
  -0.8621846639E-008
  -0.8584910374E-008
  -0.8553721722E-008
  -0.8530101056E-008
  -0.8496754116E-008
  -0.8454443560E-008
  -0.8421119370E-008
  -0.8396293226E-008
  -0.8365704893E-008
  -0.8331402197E-008
  -0.8302745731E-008
  -0.8274055049E-008
  -0.8239292699E-008
  -0.8207071690E-008
  -0.8180661184E-008
  -0.8149685847E-008
  -0.8114048318E-008
  -0.8085706131E-008
  -0.8062035116E-008
  -0.8030003403E-008
  -0.7994011717E-008
  -0.7966519390E-008
  -0.7941103992E-008
  -0.7907147710E-008
  -0.7874477861E-008
  -0.7852932868E-008
  -0.7829899900E-008
  -0.7795448876E-008
  -0.7762560688E-008
  -0.7739330781E-008
  -0.7712273851E-008
  -0.7675709682E-008
  -0.7644094819E-008
  -0.7621918195E-008
  -0.7595893212E-008
  -0.7564169015E-008
  -0.7538605396E-008
  -0.7517048561E-008
  -0.7487174111E-008
  -0.7453168877E-008
  -0.7427223888E-008
  -0.7404991015E-008
  -0.7377351635E-008
  -0.7350303509E-008
  -0.7329076839E-008
  -0.7303635047E-008
  -0.7269776069E-008
  -0.7239983460E-008
  -0.7218778877E-008
  -0.7194646295E-008
  -0.7165110042E-008
  -0.7140425258E-008
  -0.7119283684E-008
  -0.7090949458E-008
  -0.7059208630E-008
  -0.7035134578E-008
  -0.7014079871E-008
  -0.6986820778E-008
  -0.6959875624E-008
  -0.6940418331E-008
  -0.6919357982E-008
  -0.6890101524E-008
  -0.6862254733E-008
  -0.6840980866E-008
  -0.6817516193E-008
  -0.6790201613E-008
  -0.6768062272E-008
  -0.6749286007E-008
  -0.6723671203E-008
  -0.6694538699E-008
  -0.6671492717E-008
  -0.6649935881E-008
  -0.6622856828E-008
  -0.6598044798E-008
  -0.6580875965E-008
  -0.6560363313E-008
  -0.6531427459E-008
  -0.6506082353E-008
  -0.6488162351E-008
  -0.6465781365E-008
  -0.6437872345E-008
  -0.6416597840E-008
  -0.6400198971E-008
  -0.6376436190E-008
  -0.6349892251E-008
  -0.6332540169E-008
  -0.6316554887E-008
  -0.6289098517E-008
  -0.6259187495E-008
  -0.6239583004E-008
  -0.6222063458E-008
  -0.6197370026E-008
  -0.6174921468E-008
  -0.6160182043E-008
  -0.6140626573E-008
  -0.6111776608E-008
  -0.6087240342E-008
  -0.6071488428E-008
  -0.6053389865E-008
  -0.6031337090E-008
  -0.6013899651E-008
  -0.5997382320E-008
  -0.5972404147E-008
  -0.5945093533E-008
  -0.5925277487E-008
  -0.5907331146E-008
  -0.5885014706E-008
  -0.5865683983E-008
  -0.5851816270E-008
  -0.5832490858E-008
  -0.5806003907E-008
  -0.5783989848E-008
  -0.5766853871E-008
  -0.5744527477E-008
  -0.5721104340E-008
  -0.5707452462E-008
  -0.5695780364E-008
  -0.5672921893E-008
  -0.5646920374E-008
  -0.5630666719E-008
  -0.5616605280E-008
  -0.5594826524E-008
  -0.5573987911E-008
  -0.5560684086E-008
  -0.5543997481E-008
  -0.5519312948E-008
  -0.5498834380E-008
  -0.5485612529E-008
  -0.5467758305E-008
  -0.5444816030E-008
  -0.5428105899E-008
  -0.5415024350E-008
  -0.5394665384E-008
  -0.5372205638E-008
  -0.5357402964E-008
  -0.5342374805E-008
  -0.5318942588E-008
  -0.5298152873E-008
  -0.5287262868E-008
  -0.5272823361E-008
  -0.5248300517E-008
  -0.5228317438E-008
  -0.5218095850E-008
  -0.5202671367E-008
  -0.5179079225E-008
  -0.5162688199E-008
  -0.5153794433E-008
  -0.5135732970E-008
  -0.5109144453E-008
  -0.5090811262E-008
  -0.5080506057E-008
  -0.5064326639E-008
  -0.5043777779E-008
  -0.5029314857E-008
  -0.5016882315E-008
  -0.4998586023E-008
  -0.4980418869E-008
  -0.4967428831E-008
  -0.4951749791E-008
  -0.4930962470E-008
  -0.4914295932E-008
  -0.4901818927E-008
  -0.4884234226E-008
  -0.4864898217E-008
  -0.4853362226E-008
  -0.4842655393E-008
  -0.4822516881E-008
  -0.4802543024E-008
  -0.4792849197E-008
  -0.4781149495E-008
  -0.4757454819E-008
  -0.4736307657E-008
  -0.4728031456E-008
  -0.4717781699E-008
  -0.4696377216E-008
  -0.4678357196E-008
  -0.4670342182E-008
  -0.4657534532E-008
  -0.4635808749E-008
  -0.4620113965E-008
  -0.4612594344E-008
  -0.4599097097E-008
  -0.4579211372E-008
  -0.4564533770E-008
  -0.4552280989E-008
  -0.4533555298E-008
  -0.4515696444E-008
  -0.4506757517E-008
  -0.4496437472E-008
  -0.4477722147E-008
  -0.4462461392E-008
  -0.4455012658E-008
  -0.4441096087E-008
  -0.4418333963E-008
  -0.4402956512E-008
  -0.4396111801E-008
  -0.4381337388E-008
  -0.4359765258E-008
  -0.4348221375E-008
  -0.4343601782E-008
  -0.4328940084E-008
  -0.4308316800E-008
  -0.4297329293E-008
  -0.4290428390E-008
  -0.4273394345E-008
  -0.4252491066E-008
  -0.4239985117E-008
  -0.4230172932E-008
  -0.4215152908E-008
  -0.4201578246E-008
  -0.4192998159E-008
  -0.4180846179E-008
  -0.4164298459E-008
  -0.4152229302E-008
  -0.4142257343E-008
  -0.4125814861E-008
  -0.4109161637E-008
  -0.4101030310E-008
  -0.4091820688E-008
  -0.4072705817E-008
  -0.4055948280E-008
  -0.4050228770E-008
  -0.4041517805E-008
  -0.4021976510E-008
  -0.4006867072E-008
  -0.4002479846E-008
  -0.3992291256E-008
  -0.3971320773E-008
  -0.3956610849E-008
  -0.3951940856E-008
  -0.3941038556E-008
  -0.3922195436E-008
  -0.3910631726E-008
  -0.3905610946E-008
  -0.3892949610E-008
  -0.3875482995E-008
  -0.3865847843E-008
  -0.3859295433E-008
  -0.3845172647E-008
  -0.3829647599E-008
  -0.3820136572E-008
  -0.3808220837E-008
  -0.3789978931E-008
  -0.3777671214E-008
  -0.3774460996E-008
  -0.3766398740E-008
  -0.3750362771E-008
  -0.3738591712E-008
  -0.3730789474E-008
  -0.3715082165E-008
  -0.3696022923E-008
  -0.3687919977E-008
  -0.3685855389E-008
  -0.3675424676E-008
  -0.3660449815E-008
  -0.3651373563E-008
  -0.3642053213E-008
  -0.3624954309E-008
  -0.3609737358E-008
  -0.3603941243E-008
  -0.3597589963E-008
  -0.3584225709E-008
  -0.3572228037E-008
  -0.3563951823E-008
  -0.3550736130E-008
  -0.3534245310E-008
  -0.3524995763E-008
  -0.3520054924E-008
  -0.3509349747E-008
  -0.3497148266E-008
  -0.3491072946E-008
  -0.3482998292E-008
  -0.3465713863E-008
  -0.3450260238E-008
  -0.3444510667E-008
  -0.3437345891E-008
  -0.3422652037E-008
  -0.3412018801E-008
  -0.3408811740E-008
  -0.3399652223E-008
  -0.3382304737E-008
  -0.3370464165E-008
  -0.3365219279E-008
  -0.3354167541E-008
  -0.3339239391E-008
  -0.3332795438E-008
  -0.3330467871E-008
  -0.3319299641E-008
  -0.3303834125E-008
  -0.3295101016E-008
  -0.3287532345E-008
  -0.3273112566E-008
  -0.3260525955E-008
  -0.3257159315E-008
  -0.3252844237E-008
  -0.3240165356E-008
  -0.3227867081E-008
  -0.3220486736E-008
  -0.3209714561E-008
  -0.3194798579E-008
  -0.3185737558E-008
  -0.3182187949E-008
  -0.3174267432E-008
  -0.3162870538E-008
  -0.3155319681E-008
  -0.3147646592E-008
  -0.3133594381E-008
  -0.3120104154E-008
  -0.3114122878E-008
  -0.3108866202E-008
  -0.3099026835E-008
  -0.3090937911E-008
  -0.3085752916E-008
  -0.3074506569E-008
  -0.3058069704E-008
  -0.3048233494E-008
  -0.3045004284E-008
  -0.3037383294E-008
  -0.3025899304E-008
  -0.3019308857E-008
  -0.3013990424E-008
  -0.3001359149E-008
  -0.2987167606E-008
  -0.2980503736E-008
  -0.2975669173E-008
  -0.2965181225E-008
  -0.2955246638E-008
  -0.2951058591E-008
  -0.2944892025E-008
  -0.2932594109E-008
  -0.2922029987E-008
  -0.2915737052E-008
  -0.2906495460E-008
  -0.2894934517E-008
  -0.2889125215E-008
  -0.2886103815E-008
  -0.2876359407E-008
  -0.2863111898E-008
  -0.2855313181E-008
  -0.2849311374E-008
  -0.2838261465E-008
  -0.2828198068E-008
  -0.2825320979E-008
  -0.2821600586E-008
  -0.2810190860E-008
  -0.2798680747E-008
  -0.2792821453E-008
  -0.2785482731E-008
  -0.2773126365E-008
  -0.2763877395E-008
  -0.2760771226E-008
  -0.2756003583E-008
  -0.2746674517E-008
  -0.2738143578E-008
  -0.2730847128E-008
  -0.2720795806E-008
  -0.2710590669E-008
  -0.2704775992E-008
  -0.2699984487E-008
  -0.2692131273E-008
  -0.2684324258E-008
  -0.2678084341E-008
  -0.2668910697E-008
  -0.2657419092E-008
  -0.2650430357E-008
  -0.2647076549E-008
  -0.2639790221E-008
  -0.2629725939E-008
  -0.2624006789E-008
  -0.2620041161E-008
  -0.2610459238E-008
  -0.2598781774E-008
  -0.2592654670E-008
  -0.2588679712E-008
  -0.2580314845E-008
  -0.2571372498E-008
  -0.2566823537E-008
  -0.2561488913E-008
  -0.2550807571E-008
  -0.2540425847E-008
  -0.2534774347E-008
  -0.2529300262E-008
  -0.2521269521E-008
  -0.2514520827E-008
  -0.2509356067E-008
  -0.2501551484E-008
  -0.2492446004E-008
  -0.2486651599E-008
  -0.2481914640E-008
  -0.2473848676E-008
  -0.2465507996E-008
  -0.2460607886E-008
  -0.2455071830E-008
  -0.2445724877E-008
  -0.2437478061E-008
  -0.2433071182E-008
  -0.2427185108E-008
  -0.2417711022E-008
  -0.2410258571E-008
  -0.2406414579E-008
  -0.2400591062E-008
  -0.2391575674E-008
  -0.2384316225E-008
  -0.2379314010E-008
  -0.2372486135E-008
  -0.2364422689E-008
  -0.2358663699E-008
  -0.2353806453E-008
  -0.2346819063E-008
  -0.2339417854E-008
  -0.2333630239E-008
  -0.2327362128E-008
  -0.2319745501E-008
  -0.2313340736E-008
  -0.2307992599E-008
  -0.2300916864E-008
  -0.2293470720E-008
  -0.2288803683E-008
  -0.2284524479E-008
  -0.2276969770E-008
  -0.2268895659E-008
  -0.2263873044E-008
  -0.2258860844E-008
  -0.2250886386E-008
  -0.2243656149E-008
  -0.2239796617E-008
  -0.2235134203E-008
  -0.2227206473E-008
  -0.2220064781E-008
  -0.2215632026E-008
  -0.2210154187E-008
  -0.2202552816E-008
  -0.2196352500E-008
  -0.2191746962E-008
  -0.2185382891E-008
  -0.2177806992E-008
  -0.2172169860E-008
  -0.2167473970E-008
  -0.2161064855E-008
  -0.2154291321E-008
  -0.2149022520E-008
  -0.2143503223E-008
  -0.2136845363E-008
  -0.2131485447E-008
  -0.2127602082E-008
  -0.2122093065E-008
  -0.2114969597E-008
  -0.2109247034E-008
  -0.2104384444E-008
  -0.2097649921E-008
  -0.2090528870E-008
  -0.2086043247E-008
  -0.2082481920E-008
  -0.2076860550E-008
  -0.2070544747E-008
  -0.2065363143E-008
  -0.2059422640E-008
  -0.2051813711E-008
  -0.2045416418E-008
  -0.2041330066E-008
  -0.2036917556E-008
  -0.2031329965E-008
  -0.2026291361E-008
  -0.2021236289E-008
  -0.2014467225E-008
  -0.2007739772E-008
  -0.2003266882E-008
  -0.1999096600E-008
  -0.1993113873E-008
  -0.1987141498E-008
  -0.1982378793E-008
  -0.1976673719E-008
  -0.1969933481E-008
  -0.1965244636E-008
  -0.1962264843E-008
  -0.1957230079E-008
  -0.1950397046E-008
  -0.1945274698E-008
  -0.1941169344E-008
  -0.1934968254E-008
  -0.1928206732E-008
  -0.1924037763E-008
  -0.1920574951E-008
  -0.1914884680E-008
  -0.1908875272E-008
  -0.1904579953E-008
  -0.1899615876E-008
  -0.1892870894E-008
  -0.1887637674E-008
  -0.1884797502E-008
  -0.1880598007E-008
  -0.1874011265E-008
  -0.1868256056E-008
  -0.1863894618E-008
  -0.1858601713E-008
  -0.1853240390E-008
  -0.1850112201E-008
  -0.1847191234E-008
  -0.1841518669E-008
  -0.1834887620E-008
  -0.1829825998E-008
  -0.1824881303E-008
  -0.1819022031E-008
  -0.1814459887E-008
  -0.1811264160E-008
  -0.1806311460E-008
  -0.1799825744E-008
  -0.1795234659E-008
  -0.1792104343E-008
  -0.1787326091E-008
  -0.1781913731E-008
  -0.1778417745E-008
  -0.1774739142E-008
  -0.1768439110E-008
  -0.1762417397E-008
  -0.1759088010E-008
  -0.1755269780E-008
  -0.1749099297E-008
  -0.1744203585E-008
  -0.1741862552E-008
  -0.1737912315E-008
  -0.1731263448E-008
  -0.1725984294E-008
  -0.1722729062E-008
  -0.1717932083E-008
  -0.1711910202E-008
  -0.1707935552E-008
  -0.1704734516E-008
  -0.1699344750E-008
  -0.1694003791E-008
  -0.1691438337E-008
  -0.1688604884E-008
  -0.1682901665E-008
  -0.1677579109E-008
  -0.1674466208E-008
  -0.1669952016E-008
  -0.1663306716E-008
  -0.1659057656E-008
  -0.1657484528E-008
  -0.1653543463E-008
  -0.1647119250E-008
  -0.1643019054E-008
  -0.1640705848E-008
  -0.1635610795E-008
  -0.1629047480E-008
  -0.1625484369E-008
  -0.1623133037E-008
  -0.1617848648E-008
  -0.1611717875E-008
  -0.1608300509E-008
  -0.1605342432E-008
  -0.1600212070E-008
  -0.1595482596E-008
  -0.1592920661E-008
  -0.1589796117E-008
  -0.1585176922E-008
  -0.1581467887E-008
  -0.1578120481E-008
  -0.1572652137E-008
  -0.1567061567E-008
  -0.1564291676E-008
  -0.1561571276E-008
  -0.1555966115E-008
  -0.1550914567E-008
  -0.1549001497E-008
  -0.1546008210E-008
  -0.1539686880E-008
  -0.1534898152E-008
  -0.1533528847E-008
  -0.1530298120E-008
  -0.1523753044E-008
  -0.1519350910E-008
  -0.1517985973E-008
  -0.1514217704E-008
  -0.1507848331E-008
  -0.1504269670E-008
  -0.1503121018E-008
  -0.1499297057E-008
  -0.1493528488E-008
  -0.1490017032E-008
  -0.1487223660E-008
  -0.1481885369E-008
  -0.1476659849E-008
  -0.1474334291E-008
  -0.1471666061E-008
  -0.1466595934E-008
  -0.1462707565E-008
  -0.1460884134E-008
  -0.1456860522E-008
  -0.1450693916E-008
  -0.1447276652E-008
  -0.1445897654E-008
  -0.1441381460E-008
  -0.1435063325E-008
  -0.1432229459E-008
  -0.1431131817E-008
  -0.1426783769E-008
  -0.1421368861E-008
  -0.1419248450E-008
  -0.1417565058E-008
  -0.1412414493E-008
  -0.1407054987E-008
  -0.1404846540E-008
  -0.1402454414E-008
  -0.1397373905E-008
  -0.1392927839E-008
  -0.1390564484E-008
  -0.1386995024E-008
  -0.1381921509E-008
  -0.1378644210E-008
  -0.1376503570E-008
  -0.1372500379E-008
  -0.1368346585E-008
  -0.1366554630E-008
  -0.1364110307E-008
  -0.1358701639E-008
  -0.1354324795E-008
  -0.1353021481E-008
  -0.1350094318E-008
  -0.1344022770E-008
  -0.1340244452E-008
  -0.1339909078E-008
  -0.1337132590E-008
  -0.1331061338E-008
  -0.1327468850E-008
  -0.1326448988E-008
  -0.1322289017E-008
  -0.1315785492E-008
  -0.1312875976E-008
  -0.1312525881E-008
  -0.1309253415E-008
  -0.1304360332E-008
  -0.1302232392E-008
  -0.1300569446E-008
  -0.1295576407E-008
  -0.1290321299E-008
  -0.1288263860E-008
  -0.1286305045E-008
  -0.1281948167E-008
  -0.1278349333E-008
  -0.1276675204E-008
  -0.1273362089E-008
  -0.1268352523E-008
  -0.1265605637E-008
  -0.1264351862E-008
  -0.1260531784E-008
  -0.1255693778E-008
  -0.1253796537E-008
  -0.1252521280E-008
  -0.1248034626E-008
  -0.1243132576E-008
  -0.1241177287E-008
  -0.1238921748E-008
  -0.1233767310E-008
  -0.1229743589E-008
  -0.1229160813E-008
  -0.1227692662E-008
  -0.1223197231E-008
  -0.1219401123E-008
  -0.1217335861E-008
  -0.1213594451E-008
  -0.1208641719E-008
  -0.1206341966E-008
  -0.1205612426E-008
  -0.1202556081E-008
  -0.1198391479E-008
  -0.1196025241E-008
  -0.1193382458E-008
  -0.1188498917E-008
  -0.1184764306E-008
  -0.1183945168E-008
  -0.1182031843E-008
  -0.1177586567E-008
  -0.1174691131E-008
  -0.1173713697E-008
  -0.1169986100E-008
  -0.1163990952E-008
  -0.1161228056E-008
  -0.1161223520E-008
  -0.1158595373E-008
  -0.1154001672E-008
  -0.1152054335E-008
  -0.1151058034E-008
  -0.1146560540E-008
  -0.1141039916E-008
  -0.1139113537E-008
  -0.1138433439E-008
  -0.1135063701E-008
  -0.1131346538E-008
  -0.1130060537E-008
  -0.1128269245E-008
  -0.1123794926E-008
  -0.1119764435E-008
  -0.1117820792E-008
  -0.1115230589E-008
  -0.1111555268E-008
  -0.1109521039E-008
  -0.1108396045E-008
  -0.1105076822E-008
  -0.1100719925E-008
  -0.1098220738E-008
  -0.1096110637E-008
  -0.1092384131E-008
  -0.1089535520E-008
  -0.1089094285E-008
  -0.1087473778E-008
  -0.1082943138E-008
  -0.1079252198E-008
  -0.1077933327E-008
  -0.1075460388E-008
  -0.1071111307E-008
  -0.1068537925E-008
  -0.1067810322E-008
  -0.1065192733E-008
  -0.1061040694E-008
  -0.1058789388E-008
  -0.1057475580E-008
  -0.1054029210E-008
  -0.1050118956E-008
  -0.1048603002E-008
  -0.1047398297E-008
  -0.1044012074E-008
  -0.1040683643E-008
  -0.1039098465E-008
  -0.1036634776E-008
  -0.1032488538E-008
  -0.1029962379E-008
  -0.1029423520E-008
  -0.1027176204E-008
  -0.1023070763E-008
  -0.1020638843E-008
  -0.1019451855E-008
  -0.1016143238E-008
  -0.1011852335E-008
  -0.1009982769E-008
  -0.1009028055E-008
  -0.1005841473E-008
  -0.1002326080E-008
  -0.1001278772E-008
  -0.1000324193E-008
  -0.9967468480E-009
  -0.9928668744E-009
  -0.9909820275E-009
  -0.9890653783E-009
  -0.9858394580E-009
  -0.9835748780E-009
  -0.9827763510E-009
  -0.9807548969E-009
  -0.9771624914E-009
  -0.9744302961E-009
  -0.9725399006E-009
  -0.9696357556E-009
  -0.9665952039E-009
  -0.9651170959E-009
  -0.9637033311E-009
  -0.9606951357E-009
  -0.9577398805E-009
  -0.9560010819E-009
  -0.9535667084E-009
  -0.9499421862E-009
  -0.9476401313E-009
  -0.9469540900E-009
  -0.9451379240E-009
  -0.9419887565E-009
  -0.9399218880E-009
  -0.9384815684E-009
  -0.9353199133E-009
  -0.9316006999E-009
  -0.9299684486E-009
  -0.9291477062E-009
  -0.9266290894E-009
  -0.9237203838E-009
  -0.9223664355E-009
  -0.9208259938E-009
  -0.9174578532E-009
  -0.9142990286E-009
  -0.9127780472E-009
  -0.9108821969E-009
  -0.9077076753E-009
  -0.9054121049E-009
  -0.9044912260E-009
  -0.9026935690E-009
  -0.8997660435E-009
  -0.8977367798E-009
  -0.8964000618E-009
  -0.8938977195E-009
  -0.8908945498E-009
  -0.8891442300E-009
  -0.8876918608E-009
  -0.8850118462E-009
  -0.8823060838E-009
  -0.8807872213E-009
  -0.8789981279E-009
  -0.8760269027E-009
  -0.8735429234E-009
  -0.8722144159E-009
  -0.8703088313E-009
  -0.8674581918E-009
  -0.8654027347E-009
  -0.8641943150E-009
  -0.8620935717E-009
  -0.8592649830E-009
  -0.8573255056E-009
  -0.8559509164E-009
  -0.8538300548E-009
  -0.8515410625E-009
  -0.8500363965E-009
  -0.8483420898E-009
  -0.8456469190E-009
  -0.8431220115E-009
  -0.8414672015E-009
  -0.8395909149E-009
  -0.8371634189E-009
  -0.8352433708E-009
  -0.8336923599E-009
  -0.8313621604E-009
  -0.8287750688E-009
  -0.8272139780E-009
  -0.8259638748E-009
  -0.8237481883E-009
  -0.8213873735E-009
  -0.8199387120E-009
  -0.8183317380E-009
  -0.8156737618E-009
  -0.8132929080E-009
  -0.8120470508E-009
  -0.8105659525E-009
  -0.8081362926E-009
  -0.8061060758E-009
  -0.8049366959E-009
  -0.8032038831E-009
  -0.8005305575E-009
  -0.7982434637E-009
  -0.7966594402E-009
  -0.7948009633E-009
  -0.7926914777E-009
  -0.7910894079E-009
  -0.7895579553E-009
  -0.7873134407E-009
  -0.7849620308E-009
  -0.7833213548E-009
  -0.7819036789E-009
  -0.7801294706E-009
  -0.7783541925E-009
  -0.7766517105E-009
  -0.7744873513E-009
  -0.7721315327E-009
  -0.7704091731E-009
  -0.7690385901E-009
  -0.7671881374E-009
  -0.7651508628E-009
  -0.7635493771E-009
  -0.7618651383E-009
  -0.7595653877E-009
  -0.7573855926E-009
  -0.7559281491E-009
  -0.7545333281E-009
  -0.7527497289E-009
  -0.7511581161E-009
  -0.7498785169E-009
  -0.7481464829E-009
  -0.7458903723E-009
  -0.7438934003E-009
  -0.7422837773E-009
  -0.7405664860E-009
  -0.7388081125E-009
  -0.7372440652E-009
  -0.7354496547E-009
  -0.7332273504E-009
  -0.7312614627E-009
  -0.7298786612E-009
  -0.7284734452E-009
  -0.7267839938E-009
  -0.7251901007E-009
  -0.7235361041E-009
  -0.7213948027E-009
  -0.7193320938E-009
  -0.7180905440E-009
  -0.7170473697E-009
  -0.7152757917E-009
  -0.7132380867E-009
  -0.7117098174E-009
  -0.7102447507E-009
  -0.7083069226E-009
  -0.7064977518E-009
  -0.7052670277E-009
  -0.7039329274E-009
  -0.7020442035E-009
  -0.7001408437E-009
  -0.6985091130E-009
  -0.6967811043E-009
  -0.6950207184E-009
  -0.6936555404E-009
  -0.6924500039E-009
  -0.6909119825E-009
  -0.6891952865E-009
  -0.6875017812E-009
  -0.6855548687E-009
  -0.6835069271E-009
  -0.6820349404E-009
  -0.6809784406E-009
  -0.6794679299E-009
  -0.6775844386E-009
  -0.6760964072E-009
  -0.6747788365E-009
  -0.6729597221E-009
  -0.6711374359E-009
  -0.6700181113E-009
  -0.6688699558E-009
  -0.6668169833E-009
  -0.6645580809E-009
  -0.6630126717E-009
  -0.6617460997E-009
  -0.6602331297E-009
  -0.6589321452E-009
  -0.6579403761E-009
  -0.6564942803E-009
  -0.6545476689E-009
  -0.6528738681E-009
  -0.6514206939E-009
  -0.6496145700E-009
  -0.6479073942E-009
  -0.6469078421E-009
  -0.6458567480E-009
  -0.6440074586E-009
  -0.6421634066E-009
  -0.6409887155E-009
  -0.6396406632E-009
  -0.6377151586E-009
  -0.6362690535E-009
  -0.6355282951E-009
  -0.6341759953E-009
  -0.6319708670E-009
  -0.6302744404E-009
  -0.6293356515E-009
  -0.6279786367E-009
  -0.6261865362E-009
  -0.6250254091E-009
  -0.6242214965E-009
  -0.6226751952E-009
  -0.6207359468E-009
  -0.6193681266E-009
  -0.6181754597E-009
  -0.6165148085E-009
  -0.6149934168E-009
  -0.6139924040E-009
  -0.6126729107E-009
  -0.6108385537E-009
  -0.6094833342E-009
  -0.6086358541E-009
  -0.6072250500E-009
  -0.6053817782E-009
  -0.6041400100E-009
  -0.6031247732E-009
  -0.6013313247E-009
  -0.5993806262E-009
  -0.5982853080E-009
  -0.5973319925E-009
  -0.5956888354E-009
  -0.5942204648E-009
  -0.5935047938E-009
  -0.5924242711E-009
  -0.5905370006E-009
  -0.5890689230E-009
  -0.5882404188E-009
  -0.5867363963E-009
  -0.5845997035E-009
  -0.5832701055E-009
  -0.5825580937E-009
  -0.5810853057E-009
  -0.5792909021E-009
  -0.5784540071E-009
  -0.5777921411E-009
  -0.5760154577E-009
  -0.5741206522E-009
  -0.5733477834E-009
  -0.5725532364E-009
  -0.5706195178E-009
  -0.5688105213E-009
  -0.5681060541E-009
  -0.5672226875E-009
  -0.5654126938E-009
  -0.5639375500E-009
  -0.5632191696E-009
  -0.5619825367E-009
  -0.5601163013E-009
  -0.5588834018E-009
  -0.5581140325E-009
  -0.5566322349E-009
  -0.5549007052E-009
  -0.5539461448E-009
  -0.5529700514E-009
  -0.5511013557E-009
  -0.5495211557E-009
  -0.5490725181E-009
  -0.5483545683E-009
  -0.5465614151E-009
  -0.5451121931E-009
  -0.5445682417E-009
  -0.5434372369E-009
  -0.5414205944E-009
  -0.5401012237E-009
  -0.5395956269E-009
  -0.5383530703E-009
  -0.5364613557E-009
  -0.5353731346E-009
  -0.5348085887E-009
  -0.5335052367E-009
  -0.5319405878E-009
  -0.5310863606E-009
  -0.5301979776E-009
  -0.5285827110E-009
  -0.5272140227E-009
  -0.5264507107E-009
  -0.5250913923E-009
  -0.5231653933E-009
  -0.5221900839E-009
  -0.5218843984E-009
  -0.5205345849E-009
  -0.5186617184E-009
  -0.5180616379E-009
  -0.5178690961E-009
  -0.5160872513E-009
  -0.5137402423E-009
  -0.5129357698E-009
