  1.087338257278733E-007
  1.361303417188709E-007
  1.667949239706212E-007
  2.007464868357822E-007
  2.380006780460072E-007
  2.785706476083834E-007
  3.224675950075423E-007
  3.697011687132005E-007
  4.202797643674922E-007
  4.742107516729854E-007
  5.315006499749794E-007
  5.921552661904583E-007
  6.561798046148461E-007
  7.235789553933678E-007
  7.943569665761428E-007
  8.685177033799447E-007
  9.460646973638903E-007
  1.027001187568992E-006
  1.111330155192615E-006
  1.199054353015302E-006
  1.290176330533079E-006
  1.384698455548482E-006
  1.482622932820818E-006
  1.583951820258281E-006
  1.688687043042777E-006
  1.796830406006202E-006
  1.908383604519857E-006
  2.023348234113154E-006
  2.141725799001219E-006
  2.263517719671422E-006
  2.388725339654847E-006
  2.517349931589014E-006
  2.649392702661994E-006
  2.784854799514666E-006
  2.923737312666749E-006
  3.066041280522911E-006
  3.211767693007514E-006
  3.360917494869949E-006
  3.513491588696978E-006
  3.669490837663759E-006
  3.828916068051261E-006
  3.991768071554272E-006
  4.158047607401308E-006
  4.327755404305150E-006
  4.500892162260577E-006
  4.677458554203929E-006
  4.857455227547514E-006
  5.040882805600399E-006
  5.227741888885915E-006
  5.418033056365055E-006
  5.611756866574024E-006
  5.808913858683317E-006
  6.009504553484972E-006
  6.213529454313972E-006
  6.420989047909190E-006
  6.631883805218748E-006
  6.846214182154196E-006
  7.063980620297504E-006
  7.285183547564508E-006
  7.509823378828085E-006
  7.737900516504090E-006
  7.969415351102764E-006
  8.204368261748136E-006
  8.442759616667693E-006
  8.684589773654422E-006
  8.929859080503133E-006
  9.178567875422834E-006
  9.430716487426771E-006
  9.686305236701627E-006
  9.945334434957243E-006
  1.020780438575815E-005
  1.047371538483802E-005
  1.074306772039826E-005
  1.101586167339149E-005
  1.129209751779113E-005
  1.157177552084773E-005
  1.185489594333294E-005
  1.214145903977183E-005
  1.243146505866424E-005
  1.272491424269584E-005
  1.302180682893941E-005
  1.332214304904699E-005
  1.362592312943337E-005
  1.393314729145135E-005
  1.424381575155936E-005
  1.455792872148171E-005
  1.487548640836193E-005
  1.519648901490959E-005
  1.552093673954092E-005
  1.584882977651354E-005
  1.618016831605562E-005
  1.651495254448977E-005
  1.685318264435187E-005
  1.719485879450517E-005
  1.753998117024987E-005
  1.788854994342833E-005
  1.824056528252624E-005
  1.859602735276985E-005
  1.895493631621950E-005
  1.931729233185964E-005
  1.968309555568539E-005
  2.005234614078598E-005
  2.042504423742505E-005
  2.080118999311805E-005
  2.118078355270687E-005
  2.156382505843170E-005
  2.195031465000048E-005
  2.234025246465574E-005
  2.273363863723930E-005
  2.313047330025451E-005
  2.353075658392657E-005
  2.393448861626065E-005
  2.434166952309811E-005
  2.475229942817084E-005
  2.516637845315378E-005
  2.558390671771572E-005
  2.600488433956845E-005
  2.642931143451430E-005
  2.685718811649218E-005
  2.728851449762214E-005
  2.772329068824851E-005
  2.816151679698169E-005
  2.860319293073871E-005
  2.904831919478237E-005
  2.949689569275940E-005
  2.994892252673726E-005
  3.040439979723997E-005
  3.086332760328279E-005
  3.132570604240591E-005
  3.179153521070709E-005
  3.226081520287345E-005
  3.273354611221220E-005
  3.320972803068058E-005
  3.368936104891492E-005
  3.417244525625884E-005
  3.465898074079070E-005
  3.514896758935027E-005
  3.564240588756459E-005
  3.613929571987322E-005
  3.663963716955275E-005
  3.714343031874057E-005
  3.765067524845812E-005
  3.816137203863345E-005
  3.867552076812316E-005
  3.919312151473376E-005
  3.971417435524256E-005
  4.023867936541783E-005
  4.076663662003862E-005
  4.129804619291397E-005
  4.183290815690160E-005
  4.237122258392622E-005
  4.291298954499731E-005
  4.345820911022641E-005
  4.400688134884410E-005
  4.455900632921642E-005
  4.511458411886100E-005
  4.567361478446270E-005
  4.623609839188892E-005
  4.680203500620455E-005
  4.737142469168648E-005
  4.794426751183786E-005
  4.852056352940197E-005
  4.910031280637573E-005
  4.968351540402295E-005
  5.027017138288726E-005
  5.086028080280469E-005
  5.145384372291603E-005
  5.205086020167880E-005
  5.265133029687910E-005
  5.325525406564302E-005
  5.386263156444793E-005
  5.447346284913342E-005
  5.508774797491206E-005
  5.570548699637986E-005
  5.632667996752658E-005
  5.695132694174571E-005
  5.757942797184432E-005
  5.821098311005265E-005
  5.884599240803349E-005
  5.948445591689138E-005
  6.012637368718161E-005
  6.077174576891900E-005
  6.142057221158654E-005
  6.207285306414378E-005
  6.272858837503514E-005
  6.338777819219792E-005
  6.405042256307029E-005
  6.471652153459899E-005
  6.538607515324692E-005
  6.605908346500062E-005
  6.673554651537747E-005
  6.741546434943292E-005
  6.809883701176743E-005
  6.878566454653332E-005
  6.947594699744149E-005
  7.016968440776802E-005
  7.086687682036060E-005
  7.156752427764487E-005
  7.227162682163060E-005
  7.297918449391778E-005
  7.369019733570258E-005
  7.440466538778323E-005
  7.512258869056569E-005
  7.584396728406931E-005
  7.656880120793239E-005
  7.729709050141749E-005
  7.802883520341685E-005
  7.876403535245751E-005
  7.950269098670652E-005
  8.024480214397586E-005
  8.099036886172745E-005
  8.173939117707795E-005
  8.249186912680348E-005
  8.324780274734433E-005
  8.400719207480952E-005
  8.477003714498128E-005
  8.553633799331948E-005
  8.630609465496594E-005
  8.707930716474871E-005
  8.785597555718627E-005
  8.863609986649155E-005
  8.941968012657609E-005
  9.020671637105389E-005
  9.099720863324537E-005
  9.179115694618119E-005
  9.258856134260599E-005
  9.338942185498208E-005
  9.419373851549314E-005
  9.500151135604770E-005
  9.581274040828268E-005
  9.662742570356689E-005
  9.744556727300435E-005
  9.826716514743769E-005
  9.909221935745137E-005
  9.992072993337495E-005
  1.007526969052862E-004
  1.015881203030144E-004
  1.024270001561431E-004
  1.032693364940134E-004
  1.041151293457269E-004
  1.049643787401483E-004
  1.058170847059088E-004
  1.066732472714086E-004
  1.075328664648195E-004
  1.083959423140881E-004
  1.092624748469383E-004
  1.101324640908737E-004
  1.110059100731805E-004
  1.118828128209301E-004
  1.127631723609814E-004
  1.136469887199834E-004
  1.145342619243777E-004
  1.154249920004008E-004
  1.163191789740867E-004
  1.172168228712688E-004
  1.181179237175828E-004
  1.190224815384684E-004
  1.199304963591718E-004
  1.208419682047480E-004
  1.217568971000628E-004
  1.226752830697948E-004
  1.235971261384380E-004
  1.245224263303032E-004
  1.254511836695207E-004
  1.263833981800417E-004
  1.273190698856407E-004
  1.282581988099175E-004
  1.292007849762985E-004
  1.301468284080395E-004
  1.310963291282268E-004
  1.320492871597794E-004
  1.330057025254509E-004
  1.339655752478309E-004
  1.349289053493473E-004
  1.358956928522673E-004
  1.368659377787000E-004
  1.378396401505973E-004
  1.388167999897562E-004
  1.397974173178197E-004
  1.407814921562793E-004
  1.417690245264758E-004
  1.427600144496014E-004
  1.437544619467012E-004
  1.447523670386741E-004
  1.457537297462754E-004
  1.467585500901172E-004
  1.477668280906705E-004
  1.487785637682668E-004
  1.497937571430988E-004
  1.508124082352224E-004
  1.518345170645579E-004
  1.528600836508915E-004
  1.538891080138763E-004
  1.549215901730342E-004
  1.559575301477566E-004
  1.569969279573062E-004
  1.580397836208178E-004
  1.590860971573000E-004
  1.601358685856364E-004
  1.611890979245865E-004
  1.622457851927871E-004
  1.633059304087538E-004
  1.643695335908816E-004
  1.654365947574466E-004
  1.665071139266067E-004
  1.675810911164031E-004
  1.686585263447613E-004
  1.697394196294922E-004
  1.708237709882931E-004
  1.719115804387489E-004
  1.730028479983332E-004
  1.740975736844093E-004
  1.751957575142311E-004
  1.762973995049444E-004
  1.774024996735878E-004
  1.785110580370935E-004
  1.796230746122886E-004
  1.807385494158960E-004
  1.818574824645351E-004
  1.829798737747232E-004
  1.841057233628761E-004
  1.852350312453090E-004
  1.863677974382379E-004
  1.875040219577798E-004
  1.886437048199542E-004
  1.897868460406837E-004
  1.909334456357947E-004
  1.920835036210189E-004
  1.932370200119934E-004
  1.943939948242620E-004
  1.955544280732759E-004
  1.967183197743946E-004
  1.978856699428867E-004
  1.990564785939304E-004
  2.002307457426148E-004
  2.014084714039404E-004
  2.025896555928199E-004
  2.037742983240790E-004
  2.049623996124572E-004
  2.061539594726083E-004
  2.073489779191016E-004
  2.085474549664222E-004
  2.097493906289719E-004
  2.109547849210700E-004
  2.121636378569540E-004
  2.133759494507799E-004
  2.145917197166236E-004
  2.158109486684809E-004
  2.170336363202686E-004
  2.182597826858250E-004
  2.194893877789107E-004
  2.207224516132091E-004
  2.219589742023270E-004
  2.231989555597955E-004
  2.244423956990705E-004
  2.256892946335331E-004
  2.269396523764906E-004
  2.281934689411768E-004
  2.294507443407529E-004
  2.307114785883077E-004
  2.319756716968587E-004
  2.332433236793522E-004
  2.345144345486642E-004
  2.357890043176008E-004
  2.370670329988989E-004
  2.383485206052266E-004
  2.396334671491839E-004
  2.409218726433031E-004
  2.422137371000497E-004
  2.435090605318224E-004
  2.448078429509539E-004
  2.461100843697116E-004
  2.474157848002979E-004
  2.487249442548506E-004
  2.500375627454438E-004
  2.513536402840881E-004
  2.526731768827310E-004
  2.539961725532577E-004
  2.553226273074916E-004
  2.566525411571945E-004
  2.579859141140670E-004
  2.593227461897496E-004
  2.606630373958224E-004
  2.620067877438062E-004
  2.633539972451624E-004
  2.647046659112940E-004
  2.660587937535455E-004
  2.674163807832039E-004
  2.687774270114987E-004
  2.701419324496026E-004
  2.715098971086316E-004
  2.728813209996460E-004
  2.742562041336503E-004
  2.756345465215936E-004
  2.770163481743706E-004
  2.784016091028214E-004
  2.797903293177321E-004
  2.811825088298354E-004
  2.825781476498107E-004
  2.839772457882846E-004
  2.853798032558313E-004
  2.867858200629732E-004
  2.881952962201809E-004
  2.896082317378737E-004
  2.910246266264202E-004
  2.924444808961385E-004
  2.938677945572964E-004
  2.952945676201122E-004
  2.967248000947545E-004
  2.981584919913431E-004
  2.995956433199490E-004
  3.010362540905948E-004
  3.024803243132553E-004
  3.039278539978575E-004
  3.053788431542811E-004
  3.068332917923588E-004
  3.082911999218769E-004
  3.097525675525751E-004
  3.112173946941472E-004
  3.126856813562415E-004
  3.141574275484607E-004
  3.156326332803628E-004
  3.171112985614609E-004
  3.185934234012237E-004
  3.200790078090759E-004
  3.215680517943984E-004
  3.230605553665287E-004
  3.245565185347611E-004
  3.260559413083469E-004
  3.275588236964950E-004
  3.290651657083721E-004
  3.305749673531026E-004
  3.320882286397695E-004
  3.336049495774144E-004
  3.351251301750374E-004
  3.366487704415982E-004
  3.381758703860156E-004
  3.397064300171683E-004
  3.412404493438948E-004
  3.427779283749941E-004
  3.443188671192255E-004
  3.458632655853092E-004
  3.474111237819262E-004
  3.489624417177192E-004
  3.505172194012921E-004
  3.520754568412107E-004
  3.536371540460031E-004
  3.552023110241593E-004
  3.567709277841324E-004
  3.583430043343377E-004
  3.599185406831542E-004
  3.614975368389236E-004
  3.630799928099515E-004
  3.646659086045074E-004
  3.662552842308243E-004
  3.678481196971000E-004
  3.694444150114966E-004
  3.710441701821407E-004
  3.726473852171242E-004
  3.742540601245038E-004
  3.758641949123019E-004
  3.774777895885064E-004
  3.790948441610709E-004
  3.807153586379153E-004
  3.823393330269257E-004
  3.839667673359545E-004
  3.855976615728210E-004
  3.872320157453115E-004
  3.888698298611790E-004
  3.905111039281444E-004
  3.921558379538956E-004
  3.938040319460885E-004
  3.954556859123470E-004
  3.971107998602631E-004
  3.987693737973970E-004
  4.004314077312775E-004
  4.020969016694023E-004
  4.037658556192378E-004
  4.054382695882197E-004
  4.071141435837528E-004
  4.087934776132117E-004
  4.104762716839405E-004
  4.121625258032531E-004
  4.138522399784336E-004
  4.155454142167363E-004
  4.172420485253860E-004
  4.189421429115780E-004
  4.206456973824785E-004
  4.223527119452244E-004
  4.240631866069242E-004
  4.257771213746572E-004
  4.274945162554746E-004
  4.292153712563989E-004
  4.309396863844249E-004
  4.326674616465188E-004
  4.343986970496196E-004
  4.361333926006381E-004
  4.378715483064579E-004
  4.396131641739352E-004
  4.413582402098989E-004
  4.431067764211512E-004
  4.448587728144671E-004
  4.466142293965949E-004
  4.483731461742568E-004
  4.501355231541481E-004
  4.519013603429382E-004
  4.536706577472703E-004
  4.554434153737616E-004
  4.572196332290038E-004
  4.589993113195627E-004
  4.607824496519787E-004
  4.625690482327670E-004
  4.643591070684175E-004
  4.661526261653951E-004
  4.679496055301399E-004
  4.697500451690671E-004
  4.715539450885673E-004
  4.733613052950070E-004
  4.751721257947279E-004
  4.769864065940477E-004
  4.788041476992602E-004
  4.806253491166351E-004
  4.824500108524185E-004
  4.842781329128326E-004
  4.861097153040764E-004
  4.879447580323254E-004
  4.897832611037319E-004
  4.916252245244250E-004
  4.934706483005109E-004
  4.953195324380730E-004
  4.971718769431720E-004
  4.990276818218457E-004
  5.008869470801098E-004
  5.027496727239576E-004
  5.046158587593601E-004
  5.064855051922662E-004
  5.083586120286027E-004
  5.102351792742748E-004
  5.121152069351660E-004
  5.139986950171380E-004
  5.158856435260311E-004
  5.177760524676641E-004
  5.196699218478348E-004
  5.215672516723196E-004
  5.234680419468741E-004
  5.253722926772328E-004
  5.272800038691094E-004
  5.291911755281973E-004
  5.311058076601687E-004
  5.330239002706759E-004
  5.349454533653506E-004
  5.368704669498042E-004
  5.387989410296281E-004
  5.407308756103937E-004
  5.426662706976524E-004
  5.446051262969358E-004
  5.465474424137558E-004
  5.484932190536047E-004
  5.504424562219554E-004
  5.523951539242614E-004
  5.543513121659566E-004
  5.563109309524561E-004
  5.582740102891559E-004
  5.602405501814328E-004
  5.622105506346447E-004
  5.641840116541310E-004
  5.661609332452122E-004
  5.681413154131903E-004
  5.701251581633488E-004
  5.721124615009527E-004
  5.741032254312488E-004
  5.760974499594658E-004
  5.780951350908140E-004
  5.800962808304860E-004
  5.821008871836563E-004
  5.841089541554816E-004
  5.861204817511009E-004
  5.881354699756355E-004
  5.901539188341892E-004
  5.921758283318484E-004
  5.942011984736820E-004
  5.962300292647416E-004
  5.982623207100617E-004
  6.002980728146598E-004
  6.023372855835360E-004
  6.043799590216738E-004
  6.064260931340397E-004
  6.084756879255836E-004
  6.105287434012385E-004
  6.125852595659210E-004
  6.146452364245310E-004
  6.167086739819522E-004
  6.187755722430516E-004
  6.208459312126803E-004
  6.229197508956731E-004
  6.249970312968485E-004
  6.270777724210094E-004
  6.291619742729423E-004
  6.312496368574181E-004
  6.333407601791919E-004
  6.354353442430030E-004
  6.375333890535751E-004
  6.396348946156164E-004
  6.417398609338197E-004
  6.438482880128621E-004
  6.459601758574056E-004
  6.480755244720970E-004
  6.501943338615678E-004
  6.523166040304346E-004
  6.544423349832987E-004
  6.565715267247465E-004
  6.587041792593497E-004
  6.608402925916651E-004
  6.629798667262347E-004
  6.651229016675858E-004
  6.672693974202314E-004
  6.694193539886697E-004
  6.715727713773844E-004
  6.737296495908451E-004
  6.758899886335068E-004
  6.780537885098105E-004
  6.802210492241827E-004
  6.823917707810362E-004
  6.845659531847694E-004
  6.867435964397670E-004
  6.889247005503995E-004
  6.911092655210239E-004
  6.932972913559830E-004
  6.954887780596064E-004
  6.976837256362097E-004
  6.998821340900949E-004
  7.020840034255507E-004
  7.042893336468521E-004
  7.064981247582610E-004
  7.087103767640257E-004
  7.109260896683813E-004
  7.131452634755497E-004
  7.153678981897399E-004
  7.175939938151475E-004
  7.198235503559551E-004
  7.220565678163326E-004
  7.242930462004367E-004
  7.265329855124114E-004
  7.287763857563879E-004
  7.310232469364847E-004
  7.332735690568077E-004
  7.355273521214501E-004
  7.377845961344925E-004
  7.400453011000031E-004
  7.423094670220376E-004
  7.445770939046394E-004
  7.468481817518396E-004
  7.491227305676570E-004
  7.514007403560982E-004
  7.536822111211575E-004
  7.559671428668174E-004
  7.582555355970480E-004
  7.605473893158079E-004
  7.628427040270432E-004
  7.651414797346885E-004
  7.674437164426664E-004
  7.697494141548879E-004
  7.720585728752522E-004
  7.743711926076467E-004
  7.766872733559473E-004
  7.790068151240186E-004
  7.813298179157131E-004
  7.836562817348724E-004
  7.859862065853262E-004
  7.883195924708933E-004
  7.906564393953810E-004
  7.929967473625853E-004
  7.953405163762910E-004
  7.976877464402717E-004
  8.000384375582902E-004
  8.023925897340978E-004
  8.047502029714350E-004
  8.071112772740315E-004
  8.094758126456058E-004
  8.118438090898657E-004
  8.142152666105081E-004
  8.165901852112190E-004
  8.189685648956742E-004
  8.213504056675382E-004
  8.237357075304651E-004
  8.261244704880987E-004
  8.285166945440717E-004
  8.309123797020069E-004
  8.333115259655161E-004
  8.357141333382011E-004
  8.381202018236532E-004
  8.405297314254533E-004
  8.429427221471722E-004
  8.453591739923704E-004
  8.477790869645982E-004
  8.502024610673957E-004
  8.526292963042931E-004
  8.550595926788104E-004
  8.574933501944575E-004
  8.599305688547347E-004
  8.623712486631319E-004
  8.648153896231293E-004
  8.672629917381976E-004
  8.697140550117971E-004
  8.721685794473790E-004
  8.746265650483842E-004
  8.770880118182441E-004
  8.795529197603807E-004
  8.820212888782063E-004
  8.844931191751234E-004
  8.869684106545253E-004
  8.894471633197956E-004
  8.919293771743087E-004
  8.944150522214294E-004
  8.969041884645132E-004
  8.993967859069064E-004
  9.018928445519458E-004
  9.043923644029592E-004
  9.068953454632650E-004
  9.094017877361726E-004
  9.119116912249823E-004
  9.144250559329850E-004
  9.169418818634628E-004
  9.194621690196889E-004
  9.219859174049273E-004
  9.245131270224331E-004
  9.270437978754527E-004
  9.295779299672232E-004
  9.321155233009735E-004
  9.346565778799231E-004
  9.372010937072832E-004
  9.397490707862559E-004
  9.423005091200348E-004
  9.448554087118050E-004
  9.474137695647427E-004
  9.499755916820157E-004
  9.525408750667832E-004
  9.551096197221959E-004
  9.576818256513959E-004
  9.602574928575172E-004
  9.628366213436851E-004
  9.654192111130164E-004
  9.680052621686199E-004
  9.705947745135959E-004
  9.731877481510366E-004
  9.757841830840256E-004
  9.783840793156388E-004
  9.809874368489433E-004
  9.835942556869987E-004
  9.862045358328560E-004
  9.888182772895585E-004
  9.914354800601411E-004
  9.940561441476310E-004
  9.966802695550471E-004
  9.993078562854005E-004
  1.001938904341695E-003
  1.004573413726925E-003
  1.007211384444078E-003
  1.009852816496134E-003
  1.012497709886065E-003
  1.015146064616835E-003
  1.017797880691400E-003
  1.020453158112709E-003
  1.023111896883702E-003
  1.025774097007314E-003
  1.028439758486469E-003
  1.031108881324086E-003
  1.033781465523076E-003
  1.036457511086341E-003
  1.039137018016777E-003
  1.041819986317271E-003
  1.044506415990705E-003
  1.047196307039952E-003
  1.049889659467878E-003
  1.052586473277340E-003
  1.055286748471191E-003
  1.057990485052273E-003
  1.060697683023424E-003
  1.063408342387473E-003
  1.066122463147242E-003
  1.068840045305546E-003
  1.071561088865193E-003
  1.074285593828983E-003
  1.077013560199710E-003
  1.079744987980160E-003
  1.082479877173112E-003
  1.085218227781340E-003
  1.087960039807608E-003
  1.090705313254675E-003
  1.093454048125293E-003
  1.096206244422205E-003
  1.098961902148150E-003
  1.101721021305858E-003
  1.104483601898053E-003
  1.107249643927453E-003
  1.110019147396767E-003
  1.112792112308700E-003
  1.115568538665947E-003
  1.118348426471200E-003
  1.121131775727141E-003
  1.123918586436448E-003
  1.126708858601790E-003
  1.129502592225832E-003
  1.132299787311229E-003
  1.135100443860633E-003
  1.137904561876686E-003
  1.140712141362027E-003
  1.143523182319287E-003
  1.146337684751089E-003
  1.149155648660051E-003
  1.151977074048786E-003
  1.154801960919897E-003
  1.157630309275984E-003
  1.160462119119639E-003
  1.163297390453448E-003
  1.166136123279990E-003
  1.168978317601840E-003
  1.171823973421564E-003
  1.174673090741724E-003
  1.177525669564874E-003
  1.180381709893562E-003
  1.183241211730331E-003
  1.186104175077717E-003
  1.188970599938250E-003
  1.191840486314454E-003
  1.194713834208848E-003
  1.197590643623942E-003
  1.200470914562244E-003
  1.203354647026252E-003
  1.206241841018460E-003
  1.209132496541357E-003
  1.212026613597423E-003
  1.214924192189136E-003
  1.217825232318965E-003
  1.220729733989375E-003
  1.223637697202823E-003
  1.226549121961762E-003
  1.229464008268639E-003
  1.232382356125894E-003
  1.235304165535963E-003
  1.238229436501275E-003
  1.241158169024253E-003
  1.244090363107316E-003
  1.247026018752875E-003
  1.249965135963338E-003
  1.252907714741103E-003
  1.255853755088568E-003
  1.258803257008121E-003
  1.261756220502147E-003
  1.264712645573023E-003
  1.267672532223122E-003
  1.270635880454812E-003
  1.273602690270455E-003
  1.276572961672406E-003
  1.279546694663017E-003
  1.282523889244632E-003
  1.285504545419592E-003
  1.288488663190231E-003
  1.291476242558877E-003
  1.294467283527855E-003
  1.297461786099483E-003
  1.300459750276074E-003
  1.303461176059934E-003
  1.306466063453367E-003
  1.309474412458669E-003
  1.312486223078132E-003
  1.315501495314043E-003
  1.318520229168682E-003
  1.321542424644326E-003
  1.324568081743244E-003
  1.327597200467704E-003
  1.330629780819965E-003
  1.333665822802281E-003
  1.336705326416904E-003
  1.339748291666079E-003
  1.342794718552045E-003
  1.345844607077037E-003
  1.348897957243284E-003
  1.351954769053012E-003
  1.355015042508439E-003
  1.358078777611782E-003
  1.361145974365248E-003
  1.364216632771043E-003
  1.367290752831367E-003
  1.370368334548414E-003
  1.373449377924375E-003
  1.376533882961433E-003
  1.379621849661769E-003
  1.382713278027558E-003
  1.385808168060970E-003
  1.388906519764171E-003
  1.392008333139321E-003
  1.395113608188576E-003
  1.398222344914087E-003
  1.401334543317999E-003
  1.404450203402456E-003
  1.407569325169592E-003
  1.410691908621541E-003
  1.413817953760429E-003
  1.416947460588378E-003
  1.420080429107507E-003
  1.423216859319928E-003
  1.426356751227751E-003
  1.429500104833078E-003
  1.432646920138009E-003
  1.435797197144639E-003
  1.438950935855057E-003
  1.442108136271350E-003
  1.445268798395597E-003
  1.448432922229876E-003
  1.451600507776257E-003
  1.454771555036808E-003
  1.457946064013592E-003
  1.461124034708667E-003
  1.464305467124087E-003
  1.467490361261901E-003
  1.470678717124154E-003
  1.473870534712887E-003
  1.477065814030134E-003
  1.480264555077928E-003
  1.483466757858296E-003
  1.486672422373261E-003
  1.489881548624841E-003
  1.493094136615051E-003
  1.496310186345900E-003
  1.499529697819393E-003
  1.502752671037532E-003
  1.505979106002313E-003
  1.509209002715729E-003
  1.512442361179769E-003
  1.515679181396416E-003
  1.518919463367651E-003
  1.522163207095448E-003
  1.525410412581779E-003
  1.528661079828612E-003
  1.531915208837909E-003
  1.535172799611628E-003
  1.538433852151726E-003
  1.541698366460152E-003
  1.544966342538853E-003
  1.548237780389770E-003
  1.551512680014843E-003
  1.554791041416005E-003
  1.558072864595185E-003
  1.561358149554311E-003
  1.564646896295304E-003
  1.567939104820082E-003
  1.571234775130558E-003
  1.574533907228642E-003
  1.577836501116241E-003
  1.581142556795255E-003
  1.584452074267583E-003
  1.587765053535118E-003
  1.591081494599751E-003
  1.594401397463368E-003
  1.597724762127850E-003
  1.601051588595075E-003
  1.604381876866918E-003
  1.607715626945249E-003
  1.611052838831934E-003
  1.614393512528837E-003
  1.617737648037815E-003
  1.621085245360724E-003
  1.624436304499415E-003
  1.627790825455735E-003
  1.631148808231526E-003
  1.634510252828630E-003
  1.637875159248882E-003
  1.641243527494113E-003
  1.644615357566153E-003
  1.647990649466825E-003
  1.651369403197950E-003
  1.654751618761346E-003
  1.658137296158826E-003
  1.661526435392200E-003
  1.664919036463273E-003
  1.668315099373848E-003
  1.671714624125724E-003
  1.675117610720695E-003
  1.678524059160553E-003
  1.681933969447085E-003
  1.685347341582075E-003
  1.688764175567305E-003
  1.692184471404550E-003
  1.695608229095585E-003
  1.699035448642178E-003
  1.702466130046096E-003
  1.705900273309101E-003
  1.709337878432952E-003
  1.712778945419406E-003
  1.716223474270213E-003
  1.719671464987121E-003
  1.723122917571877E-003
  1.726577832026222E-003
  1.730036208351892E-003
  1.733498046550623E-003
  1.736963346624146E-003
  1.740432108574188E-003
  1.743904332402474E-003
  1.747380018110723E-003
  1.750859165700654E-003
  1.754341775173979E-003
  1.757827846532410E-003
  1.761317379777653E-003
  1.764810374911412E-003
  1.768306831935387E-003
  1.771806750851276E-003
  1.775310131660771E-003
  1.778816974365563E-003
  1.782327278967339E-003
  1.785841045467782E-003
  1.789358273868573E-003
  1.792878964171388E-003
  1.796403116377901E-003
  1.799930730489783E-003
  1.803461806508700E-003
  1.806996344436316E-003
  1.810534344274292E-003
  1.814075806024285E-003
  1.817620729687950E-003
  1.821169115266936E-003
  1.824720962762892E-003
  1.828276272177463E-003
  1.831835043512288E-003
  1.835397276769007E-003
  1.838962971949254E-003
  1.842532129054661E-003
  1.846104748086857E-003
  1.849680829047466E-003
  1.853260371938111E-003
  1.856843376760411E-003
  1.860429843515982E-003
  1.864019772206437E-003
  1.867613162833386E-003
  1.871210015398435E-003
  1.874810329903188E-003
  1.878414106349245E-003
  1.882021344738203E-003
  1.885632045071658E-003
  1.889246207351200E-003
  1.892863831578418E-003
  1.896484917754896E-003
  1.900109465882218E-003
  1.903737475961961E-003
  1.907368947995703E-003
  1.911003881985015E-003
  1.914642277931470E-003
  1.918284135836633E-003
  1.921929455702069E-003
  1.925578237529340E-003
  1.929230481320002E-003
  1.932886187075613E-003
  1.936545354797723E-003
  1.940207984487883E-003
  1.943874076147639E-003
  1.947543629778535E-003
  1.951216645382111E-003
  1.954893122959904E-003
  1.958573062513451E-003
  1.962256464044283E-003
  1.965943327553930E-003
  1.969633653043916E-003
  1.973327440515767E-003
  1.977024689971001E-003
  1.980725401411138E-003
  1.984429574837692E-003
  1.988137210252175E-003
  1.991848307656096E-003
  1.995562867050961E-003
  1.999280888438275E-003
  2.003002371819538E-003
  2.006727317196247E-003
  2.010455724569900E-003
  2.014187593941986E-003
  2.017922925313998E-003
  2.021661718687420E-003
  2.025403974063739E-003
  2.029149691444434E-003
  2.032898870830985E-003
  2.036651512224868E-003
  2.040407615627556E-003
  2.044167181040519E-003
  2.047930208465226E-003
  2.051696697903141E-003
  2.055466649355727E-003
  2.059240062824444E-003
  2.063016938310749E-003
  2.066797275816097E-003
  2.070581075341938E-003
  2.074368336889722E-003
  2.078159060460896E-003
  2.081953246056903E-003
  2.085750893679185E-003
  2.089552003329181E-003
  2.093356575008325E-003
  2.097164608718052E-003
  2.100976104459793E-003
  2.104791062234975E-003
  2.108609482045024E-003
  2.112431363891362E-003
  2.116256707775412E-003
  2.120085513698589E-003
  2.123917781662310E-003
  2.127753511667988E-003
  2.131592703717031E-003
  2.135435357810849E-003
  2.139281473950845E-003
  2.143131052138424E-003
  2.146984092374984E-003
  2.150840594661923E-003
  2.154700559000637E-003
  2.158563985392517E-003
  2.162430873838955E-003
  2.166301224341337E-003
  2.170175036901048E-003
  2.174052311519471E-003
  2.177933048197986E-003
  2.181817246937972E-003
  2.185704907740802E-003
  2.189596030607851E-003
  2.193490615540487E-003
  2.197388662540080E-003
  2.201290171607994E-003
  2.205195142745593E-003
  2.209103575954237E-003
  2.213015471235285E-003
  2.216930828590092E-003
  2.220849648020011E-003
  2.224771929526395E-003
  2.228697673110591E-003
  2.232626878773945E-003
  2.236559546517803E-003
  2.240495676343504E-003
  2.244435268252389E-003
  2.248378322245794E-003
  2.252324838325054E-003
  2.256274816491501E-003
  2.260228256746465E-003
  2.264185159091273E-003
  2.268145523527250E-003
  2.272109350055720E-003
  2.276076638678002E-003
  2.280047389395416E-003
  2.284021602209276E-003
  2.287999277120898E-003
  2.291980414131591E-003
  2.295965013242666E-003
  2.299953074455428E-003
  2.303944597771184E-003
  2.307939583191234E-003
  2.311938030716879E-003
  2.315939940349418E-003
  2.319945312090144E-003
  2.323954145940352E-003
  2.327966441901333E-003
  2.331982199974375E-003
  2.336001420160765E-003
  2.340024102461789E-003
  2.344050246878727E-003
  2.348079853412860E-003
  2.352112922065466E-003
  2.356149452837820E-003
  2.360189445731196E-003
  2.364232900746866E-003
  2.368279817886097E-003
  2.372330197150157E-003
  2.376384038540312E-003
  2.380441342057823E-003
  2.384502107703951E-003
  2.388566335479954E-003
  2.392634025387089E-003
  2.396705177426608E-003
  2.400779791599765E-003
  2.404857867907810E-003
  2.408939406351989E-003
  2.413024406933548E-003
  2.417112869653730E-003
  2.421204794513778E-003
  2.425300181514930E-003
  2.429399030658424E-003
  2.433501341945493E-003
  2.437607115377373E-003
  2.441716350955292E-003
  2.445829048680480E-003
  2.449945208554164E-003
  2.454064830577568E-003
  2.458187914751916E-003
  2.462314461078427E-003
  2.466444469558320E-003
  2.470577940192812E-003
  2.474714872983117E-003
  2.478855267930448E-003
  2.482999125036015E-003
  2.487146444301026E-003
  2.491297225726687E-003
  2.495451469314204E-003
  2.499609175064778E-003
  2.503770342979610E-003
  2.507934973059898E-003
  2.512103065306838E-003
  2.516274619721625E-003
  2.520449636305451E-003
  2.524628115059507E-003
  2.528810055984980E-003
  2.532995459083059E-003
  2.537184324354926E-003
  2.541376651801765E-003
  2.545572441424756E-003
  2.549771693225077E-003
  2.553974407203907E-003
  2.558180583362419E-003
  2.562390221701786E-003
  2.566603322223179E-003
  2.570819884927768E-003
  2.575039909816719E-003
  2.579263396891197E-003
  2.583490346152366E-003
  2.587720757601387E-003
  2.591954631239419E-003
  2.596191967067621E-003
  2.600432765087147E-003
  2.604677025299152E-003
  2.608924747704788E-003
  2.613175932305204E-003
  2.617430579101548E-003
  2.621688688094968E-003
  2.625950259286608E-003
  2.630215292677609E-003
  2.634483788269113E-003
  2.638755746062258E-003
  2.643031166058183E-003
  2.647310048258020E-003
  2.651592392662906E-003
  2.655878199273970E-003
  2.660167468092342E-003
  2.664460199119151E-003
  2.668756392355522E-003
  2.673056047802580E-003
  2.677359165461446E-003
  2.681665745333243E-003
  2.685975787419088E-003
  2.690289291720099E-003
  2.694606258237390E-003
  2.698926686972076E-003
  2.703250577925268E-003
  2.707577931098075E-003
  2.711908746491607E-003
  2.716243024106969E-003
  2.720580763945266E-003
  2.724921966007601E-003
  2.729266630295075E-003
  2.733614756808787E-003
  2.737966345549835E-003
  2.742321396519314E-003
  2.746679909718319E-003
  2.751041885147942E-003
  2.755407322809273E-003
  2.759776222703402E-003
  2.764148584831416E-003
  2.768524409194399E-003
  2.772903695793437E-003
  2.777286444629610E-003
  2.781672655704000E-003
  2.786062329017684E-003
  2.790455464571741E-003
  2.794852062367244E-003
  2.799252122405267E-003
  2.803655644686883E-003
  2.808062629213161E-003
  2.812473075985170E-003
  2.816886985003977E-003
  2.821304356270646E-003
  2.825725189786242E-003
  2.830149485551825E-003
  2.834577243568457E-003
  2.839008463837195E-003
  2.843443146359097E-003
  2.847881291135217E-003
  2.852322898166610E-003
  2.856767967454326E-003
  2.861216498999417E-003
  2.865668492802930E-003
  2.870123948865913E-003
  2.874582867189412E-003
  2.879045247774470E-003
  2.883511090622128E-003
  2.887980395733428E-003
  2.892453163109408E-003
  2.896929392751107E-003
  2.901409084659558E-003
  2.905892238835797E-003
  2.910378855280856E-003
  2.914868933995766E-003
  2.919362474981557E-003
  2.923859478239255E-003
  2.928359943769887E-003
  2.932863871574477E-003
  2.937371261654050E-003
  2.941882114009625E-003
  2.946396428642224E-003
  2.950914205552863E-003
  2.955435444742561E-003
  2.959960146212331E-003
  2.964488309963188E-003
  2.969019935996144E-003
  2.973555024312209E-003
  2.978093574912393E-003
  2.982635587797702E-003
  2.987181062969144E-003
  2.991730000427721E-003
  2.996282400174436E-003
  3.000838262210293E-003
  3.005397586536289E-003
  3.009960373153423E-003
  3.014526622062693E-003
  3.019096333265093E-003
  3.023669506761618E-003
  3.028246142553258E-003
  3.032826240641006E-003
  3.037409801025851E-003
  3.041996823708780E-003
  3.046587308690779E-003
  3.051181255972834E-003
  3.055778665555928E-003
  3.060379537441042E-003
  3.064983871629156E-003
  3.069591668121251E-003
  3.074202926918302E-003
  3.078817648021287E-003
  3.083435831431179E-003
  3.088057477148952E-003
  3.092682585175577E-003
  3.097311155512024E-003
  3.101943188159262E-003
  3.106578683118259E-003
  3.111217640389979E-003
  3.115860059975388E-003
  3.120505941875448E-003
  3.125155286091121E-003
  3.129808092623366E-003
  3.134464361473143E-003
  3.139124092641408E-003
  3.143787286129117E-003
  3.148453941937225E-003
  3.153124060066684E-003
  3.157797640518446E-003
  3.162474683293462E-003
  3.167155188392680E-003
  3.171839155817046E-003
  3.176526585567508E-003
  3.181217477645009E-003
  3.185911832050493E-003
  3.190609648784902E-003
  3.195310927849175E-003
  3.200015669244252E-003
  3.204723872971070E-003
  3.209435539030565E-003
  3.214150667423673E-003
  3.218869258151326E-003
  3.223591311214457E-003
  3.228316826613997E-003
  3.233045804350875E-003
  3.237778244426019E-003
  3.242514146840355E-003
  3.247253511594808E-003
  3.251996338690304E-003
  3.256742628127764E-003
  3.261492379908109E-003
  3.266245594032260E-003
  3.271002270501135E-003
  3.275762409315651E-003
  3.280526010476723E-003
  3.285293073985268E-003
  3.290063599842197E-003
  3.294837588048424E-003
  3.299615038604858E-003
  3.304395951512408E-003
  3.309180326771983E-003
  3.313968164384489E-003
  3.318759464350832E-003
  3.323554226671915E-003
  3.328352451348642E-003
  3.333154138381913E-003
  3.337959287772629E-003
  3.342767899521689E-003
  3.347579973629990E-003
  3.352395510098428E-003
  3.357214508927899E-003
  3.362036970119295E-003
  3.366862893673510E-003
  3.371692279591435E-003
  3.376525127873958E-003
  3.381361438521970E-003
  3.386201211536357E-003
  3.391044446918005E-003
  3.395891144667798E-003
  3.400741304786622E-003
  3.405594927275357E-003
  3.410452012134884E-003
  3.415312559366084E-003
  3.420176568969834E-003
  3.425044040947013E-003
  3.429914975298495E-003
  3.434789372025156E-003
  3.439667231127869E-003
  3.444548552607506E-003
  3.449433336464938E-003
  3.454321582701036E-003
  3.459213291316667E-003
  3.464108462312700E-003
  3.469007095689999E-003
  3.473909191449431E-003
  3.478814749591858E-003
  3.483723770118142E-003
  3.488636253029146E-003
  3.493552198325729E-003
  3.498471606008750E-003
  3.503394476079067E-003
  3.508320808537535E-003
  3.513250603385011E-003
  3.518183860622347E-003
  3.523120580250397E-003
  3.528060762270013E-003
  3.533004406682045E-003
  3.537951513487341E-003
  3.542902082686750E-003
  3.547856114281119E-003
  3.552813608271293E-003
  3.557774564658117E-003
  3.562738983442434E-003
  3.567706864625086E-003
  3.572678208206915E-003
  3.577653014188759E-003
  3.582631282571458E-003
  3.587613013355849E-003
  3.592598206542768E-003
  3.597586862133050E-003
  3.602578980127529E-003
  3.607574560527039E-003
  3.612573603332410E-003
  3.617576108544473E-003
  3.622582076164058E-003
  3.627591506191992E-003
  3.632604398629103E-003
  3.637620753476216E-003
  3.642640570734157E-003
  3.647663850403749E-003
  3.652690592485814E-003
  3.657720796981174E-003
  3.662754463890650E-003
  3.667791593215059E-003
  3.672832184955221E-003
  3.677876239111951E-003
  3.682923755686067E-003
  3.687974734678381E-003
  3.693029176089708E-003
  3.698087079920861E-003
  3.703148446172650E-003
  3.708213274845886E-003
  3.713281565941377E-003
  3.718353319459932E-003
  3.723428535402358E-003
  3.728507213769460E-003
  3.733589354562043E-003
  3.738674957780910E-003
  3.743764023426864E-003
  3.748856551500707E-003
  3.753952542003238E-003
  3.759051994935258E-003
  3.764154910297563E-003
  3.769261288090951E-003
  3.774371128316218E-003
  3.779484430974159E-003
  3.784601196065567E-003
  3.789721423591236E-003
  3.794845113551957E-003
  3.799972265948521E-003
  3.805102880781716E-003
  3.810236958052332E-003
  3.815374497761156E-003
  3.820515499908974E-003
  3.825659964496572E-003
  3.830807891524734E-003
  3.835959280994243E-003
  3.841114132905880E-003
  3.846272447260428E-003
  3.851434224058666E-003
  3.856599463301373E-003
  3.861768164989327E-003
  3.866940329123305E-003
  3.872115955704083E-003
  3.877295044732435E-003
  3.882477596209136E-003
  3.887663610134957E-003
  3.892853086510672E-003
  3.898046025337050E-003
  3.903242426614861E-003
  3.908442290344874E-003
  3.913645616527856E-003
  3.918852405164574E-003
  3.924062656255793E-003
  3.929276369802279E-003
  3.934493545804794E-003
  3.939714184264101E-003
  3.944938285180962E-003
  3.950165848556136E-003
  3.955396874390385E-003
  3.960631362684465E-003
  3.965869313439135E-003
  3.971110726655152E-003
  3.976355602333269E-003
  3.981603940474243E-003
  3.986855741078826E-003
  3.992111004147771E-003
  3.997369729681830E-003
  4.002631917681754E-003
  4.007897568148290E-003
  4.013166681082189E-003
  4.018439256484198E-003
  4.023715294355064E-003
  4.028994794695531E-003
  4.034277757506344E-003
  4.039564182788248E-003
  4.044854070541985E-003
  4.050147420768297E-003
  4.055444233467924E-003
  4.060744508641606E-003
  4.066048246290082E-003
  4.071355446414090E-003
  4.076666109014367E-003
  4.081980234091648E-003
  4.087297821646668E-003
  4.092618871680163E-003
  4.097943384192864E-003
  4.103271359185504E-003
  4.108602796658814E-003
  4.113937696613524E-003
  4.119276059050363E-003
  4.124617883970061E-003
  4.129963171373343E-003
  4.135311921260936E-003
  4.140664133633567E-003
  4.146019808491960E-003
  4.151378945836838E-003
  4.156741545668923E-003
  4.162107607988937E-003
  4.167477132797602E-003
  4.172850120095637E-003
  4.178226569883762E-003
  4.183606482162694E-003
  4.188989856933150E-003
  4.194376694195847E-003
  4.199766993951500E-003
  4.205160756200823E-003
  4.210557980944529E-003
  4.215958668183331E-003
  4.221362817917941E-003
  4.226770430149069E-003
  4.232181504877426E-003
  4.237596042103720E-003
  4.243014041828659E-003
  4.248435504052950E-003
  4.253860428777300E-003
  4.259288816002413E-003
  4.264720665728994E-003
  4.270155977957746E-003
  4.275594752689372E-003
  4.281036989924574E-003
  4.286482689664052E-003
  4.291931851908506E-003
  4.297384476658636E-003
  4.302840563915139E-003
  4.308300113678713E-003
  4.313763125950054E-003
  4.319229600729858E-003
  4.324699538018819E-003
  4.330172937817631E-003
  4.335649800126986E-003
  4.341130124947577E-003
  4.346613912280094E-003
  4.352101162125229E-003
  4.357591874483670E-003
  4.363086049356105E-003
  4.368583686743223E-003
  4.374084786645710E-003
  4.379589349064252E-003
  4.385097373999534E-003
  4.390608861452239E-003
  4.396123811423053E-003
  4.401642223912656E-003
  4.407164098921730E-003
  4.412689436450957E-003
  4.418218236501016E-003
  4.423750499072585E-003
  4.429286224166345E-003
  4.434825411782970E-003
  4.440368061923139E-003
  4.445914174587527E-003
  4.451463749776808E-003
  4.457016787491655E-003
  4.462573287732744E-003
  4.468133250500745E-003
  4.473696675796331E-003
  4.479263563620172E-003
  4.484833913972938E-003
  4.490407726855297E-003
  4.495985002267917E-003
  4.501565740211467E-003
  4.507149940686611E-003
  4.512737603694018E-003
  4.518328729234349E-003
  4.523923317308271E-003
  4.529521367916445E-003
  4.535122881059535E-003
  4.540727856738202E-003
  4.546336294953106E-003
  4.551948195704907E-003
  4.557563558994266E-003
  4.563182384821838E-003
  4.568804673188283E-003
  4.574430424094257E-003
  4.580059637540415E-003
  4.585692313527414E-003
  4.591328452055906E-003
  4.596968053126546E-003
  4.602611116739985E-003
  4.608257642896877E-003
  4.613907631597871E-003
  4.619561082843618E-003
  4.625217996634767E-003
  4.630878372971967E-003
  4.636542211855867E-003
  4.642209513287112E-003
  4.647880277266350E-003
  4.653554503794225E-003
  4.659232192871382E-003
  4.664913344498466E-003
  4.670597958676119E-003
  4.676286035404984E-003
  4.681977574685702E-003
  4.687672576518915E-003
  4.693371040905261E-003
  4.699072967845381E-003
  4.704778357339912E-003
  4.710487209389492E-003
  4.716199523994758E-003
  4.721915301156347E-003
  4.727634540874893E-003
  4.733357243151032E-003
  4.739083407985396E-003
  4.744813035378620E-003
  4.750546125331335E-003
  4.756282677844173E-003
  4.762022692917764E-003
  4.767766170552739E-003
  4.773513110749727E-003
  4.779263513509356E-003
  4.785017378832255E-003
  4.790774706719049E-003
  4.796535497170366E-003
  4.802299750186831E-003
  4.808067465769067E-003
  4.813838643917700E-003
  4.819613284633353E-003
  4.825391387916648E-003
  4.831172953768206E-003
  4.836957982188649E-003
  4.842746473178597E-003
  4.848538426738670E-003
  4.854333842869486E-003
  4.860132721571663E-003
  4.865935062845819E-003
  4.871740866692570E-003
  4.877550133112531E-003
  4.883362862106318E-003
  4.889179053674546E-003
  4.894998707817827E-003
  4.900821824536775E-003
  4.906648403832002E-003
  4.912478445704119E-003
  4.918311950153738E-003
  4.924148917181467E-003
  4.929989346787916E-003
  4.935833238973695E-003
  4.941680593739410E-003
  4.947531411085668E-003
  4.953385691013076E-003
  4.959243433522240E-003
  4.965104638613765E-003
  4.970969306288254E-003
  4.976837436546312E-003
  4.982709029388540E-003
  4.988584084815543E-003
  4.994462602827919E-003
  5.000344583426271E-003
  5.006230026611198E-003
  5.012118932383299E-003
  5.018011300743174E-003
  5.023907131691419E-003
  5.029806425228633E-003
  5.035709181355411E-003
  5.041615400072350E-003
  5.047525081380043E-003
  5.053438225279087E-003
  5.059354831770073E-003
  5.065274900853596E-003
  5.071198432530247E-003
  5.077125426800618E-003
  5.083055883665301E-003
  5.088989803124885E-003
  5.094927185179959E-003
  5.100868029831113E-003
  5.106812337078935E-003
  5.112760106924011E-003
  5.118711339366930E-003
  5.124666034408277E-003
  5.130624192048636E-003
  5.136585812288594E-003
  5.142550895128734E-003
  5.148519440569640E-003
  5.154491448611894E-003
  5.160466919256078E-003
  5.166445852502774E-003
  5.172428248352561E-003
  5.178414106806022E-003
  5.184403427863734E-003
  5.190396211526276E-003
  5.196392457794225E-003
  5.202392166668161E-003
  5.208395338148659E-003
  5.214401972236295E-003
  5.220412068931645E-003
  5.226425628235283E-003
  5.232442650147783E-003
  5.238463134669719E-003
  5.244487081801663E-003
  5.250514491544188E-003
  5.256545363897864E-003
  5.262579698863262E-003
  5.268617496440953E-003
  5.274658756631506E-003
  5.280703479435490E-003
  5.286751664853472E-003
  5.292803312886020E-003
  5.298858423533702E-003
  5.304916996797082E-003
  5.310979032676727E-003
  5.317044531173202E-003
  5.323113492287070E-003
  5.329185916018896E-003
  5.335261802369242E-003
  5.341341151338671E-003
  5.347423962927744E-003
  5.353510237137022E-003
  5.359599973967066E-003
  5.365693173418435E-003
  5.371789835491689E-003
  5.377889960187386E-003
  5.383993547506083E-003
  5.390100597448338E-003
  5.396211110014708E-003
  5.402325085205748E-003
  5.408442523022014E-003
  5.414563423464061E-003
  5.420687786532441E-003
  5.426815612227710E-003
  5.432946900550420E-003
  5.439081651501123E-003
  5.445219865080370E-003
  5.451361541288714E-003
  5.457506680126702E-003
  5.463655281594887E-003
  5.469807345693816E-003
  5.475962872424038E-003
  5.482121861786100E-003
  5.488284313780551E-003
  5.494450228407937E-003
  5.500619605668803E-003
  5.506792445563695E-003
  5.512968748093159E-003
  5.519148513257737E-003
  5.525331741057974E-003
  5.531518431494412E-003
  5.537708584567595E-003
  5.543902200278062E-003
  5.550099278626357E-003
  5.556299819613020E-003
  5.562503823238589E-003
  5.568711289503605E-003
  5.574922218408606E-003
  5.581136609954130E-003
  5.587354464140716E-003
  5.593575780968899E-003
  5.599800560439216E-003
  5.606028802552203E-003
  5.612260507308396E-003
  5.618495674708328E-003
  5.624734304752533E-003
  5.630976397441546E-003
  5.637221952775899E-003
  5.643470970756122E-003
  5.649723451382749E-003
  5.655979394656311E-003
  5.662238800577338E-003
  5.668501669146359E-003
  5.674768000363904E-003
  5.681037794230502E-003
  5.687311050746680E-003
  5.693587769912966E-003
  5.699867951729887E-003
  5.706151596197969E-003
  5.712438703317738E-003
  5.718729273089720E-003
  5.725023305514438E-003
  5.731320800592418E-003
  5.737621758324181E-003
  5.743926178710251E-003
  5.750234061751151E-003
  5.756545407447401E-003
  5.762860215799525E-003
  5.769178486808041E-003
  5.775500220473470E-003
  5.781825416796330E-003
  5.788154075777142E-003
  5.794486197416423E-003
  5.800821781714692E-003
  5.807160828672464E-003
  5.813503338290258E-003
  5.819849310568588E-003
  5.826198745507971E-003
  5.832551643108920E-003
  5.838908003371951E-003
  5.845267826297578E-003
  5.851631111886314E-003
  5.857997860138671E-003
  5.864368071055161E-003
  5.870741744636296E-003
  5.877118880882587E-003
  5.883499479794545E-003
  5.889883541372679E-003
  5.896271065617498E-003
  5.902662052529512E-003
  5.909056502109229E-003
  5.915454414357155E-003
  5.921855789273799E-003
  5.928260626859668E-003
  5.934668927115266E-003
  5.941080690041100E-003
  5.947495915637675E-003
  5.953914603905494E-003
  5.960336754845063E-003
  5.966762368456884E-003
  5.973191444741460E-003
  5.979623983699293E-003
  5.986059985330885E-003
  5.992499449636737E-003
  5.998942376617349E-003
  6.005388766273222E-003
  6.011838618604856E-003
  6.018291933612748E-003
  6.024748711297398E-003
  6.031208951659305E-003
  6.037672654698964E-003
  6.044139820416874E-003
  6.050610448813529E-003
  6.057084539889426E-003
  6.063562093645061E-003
  6.070043110080928E-003
  6.076527589197521E-003
  6.083015530995334E-003
  6.089506935474861E-003
  6.096001802636593E-003
  6.102500132481023E-003
  6.109001925008643E-003
  6.115507180219943E-003
  6.122015898115415E-003
  6.128528078695548E-003
  6.135043721960831E-003
  6.141562827911754E-003
  6.148085396548806E-003
  6.154611427872473E-003
  6.161140921883244E-003
  6.167673878581605E-003
  6.174210297968044E-003
  6.180750180043044E-003
  6.187293524807094E-003
  6.193840332260676E-003
  6.200390602404275E-003
  6.206944335238375E-003
  6.213501530763460E-003
  6.220062188980011E-003
  6.226626309888513E-003
  6.233193893489446E-003
  6.239764939783292E-003
  6.246339448770531E-003
  6.252917420451643E-003
  6.259498854827109E-003
  6.266083751897408E-003
  6.272672111663017E-003
  6.279263934124417E-003
  6.285859219282084E-003
  6.292457967136496E-003
  6.299060177688129E-003
  6.305665850937460E-003
  6.312274986884965E-003
  6.318887585531118E-003
  6.325503646876394E-003
  6.332123170921269E-003
  6.338746157666214E-003
  6.345372607111705E-003
  6.352002519258213E-003
  6.358635894106211E-003
  6.365272731656170E-003
  6.371913031908562E-003
  6.378556794863858E-003
  6.385204020522527E-003
  6.391854708885042E-003
  6.398508859951868E-003
  6.405166473723477E-003
  6.411827550200337E-003
  6.418492089382915E-003
  6.425160091271678E-003
  6.431831555867094E-003
  6.438506483169628E-003
  6.445184873179747E-003
  6.451866725897917E-003
  6.458552041324602E-003
  6.465240819460267E-003
  6.471933060305375E-003
  6.478628763860391E-003
  6.485327930125778E-003
  6.492030559101997E-003
  6.498736650789511E-003
  6.505446205188782E-003
  6.512159222300270E-003
  6.518875702124437E-003
  6.525595644661743E-003
  6.532319049912647E-003
  6.539045917877608E-003
  6.545776248557086E-003
  6.552510041951539E-003
  6.559247298061424E-003
  6.565988016887199E-003
  6.572732198429321E-003
  6.579479842688246E-003
  6.586230949664430E-003
  6.592985519358328E-003
  6.599743551770396E-003
  6.606505046901088E-003
  6.613270004750859E-003
  6.620038425320161E-003
  6.626810308609448E-003
  6.633585654619173E-003
  6.640364463349788E-003
  6.647146734801745E-003
  6.653932468975495E-003
  6.660721665871489E-003
  6.667514325490177E-003
  6.674310447832009E-003
  6.681110032897434E-003
  6.687913080686903E-003
  6.694719591200862E-003
  6.701529564439760E-003
  6.708343000404046E-003
  6.715159899094165E-003
  6.721980260510566E-003
  6.728804084653693E-003
  6.735631371523994E-003
  6.742462121121914E-003
  6.749296333447896E-003
  6.756134008502387E-003
  6.762975146285829E-003
  6.769819746798666E-003
  6.776667810041342E-003
  6.783519336014299E-003
  6.790374324717979E-003
  6.797232776152825E-003
  6.804094690319277E-003
  6.810960067217776E-003
  6.817828906848763E-003
  6.824701209212678E-003
  6.831576974309961E-003
  6.838456202141051E-003
  6.845338892706386E-003
  6.852225046006404E-003
  6.859114662041543E-003
  6.866007740812241E-003
  6.872904282318935E-003
  6.879804286562060E-003
  6.886707753542054E-003
  6.893614683259351E-003
  6.900525075714387E-003
  6.907438930907598E-003
  6.914356248839415E-003
  6.921277029510275E-003
  6.928201272920610E-003
  6.935128979070853E-003
  6.942060147961436E-003
  6.948994779592793E-003
  6.955932873965355E-003
  6.962874431079552E-003
  6.969819450935816E-003
  6.976767933534577E-003
  6.983719878876265E-003
  6.990675286961311E-003
  6.997634157790141E-003
  7.004596491363186E-003
  7.011562287680875E-003
  7.018531546743633E-003
  7.025504268551889E-003
  7.032480453106071E-003
  7.039460100406604E-003
  7.046443210453915E-003
  7.053429783248430E-003
  7.060419818790573E-003
  7.067413317080769E-003
  7.074410278119445E-003
  7.081410701907022E-003
  7.088414588443925E-003
  7.095421937730577E-003
  7.102432749767401E-003
  7.109447024554820E-003
  7.116464762093254E-003
  7.123485962383126E-003
  7.130510625424856E-003
  7.137538751218867E-003
  7.144570339765577E-003
  7.151605391065407E-003
  7.158643905118776E-003
  7.165685881926103E-003
  7.172731321487808E-003
  7.179780223804307E-003
  7.186832588876019E-003
  7.193888416703362E-003
  7.200947707286752E-003
  7.208010460626606E-003
  7.215076676723341E-003
  7.222146355577371E-003
  7.229219497189112E-003
  7.236296101558980E-003
  7.243376168687388E-003
  7.250459698574752E-003
  7.257546691221484E-003
  7.264637146627998E-003
  7.271731064794707E-003
  7.278828445722024E-003
  7.285929289410360E-003
  7.293033595860128E-003
  7.300141365071738E-003
  7.307252597045602E-003
  7.314367291782131E-003
  7.321485449281734E-003
  7.328607069544821E-003
  7.335732152571802E-003
  7.342860698363085E-003
  7.349992706919078E-003
  7.357128178240191E-003
  7.364267112326831E-003
  7.371409509179404E-003
  7.378555368798319E-003
  7.385704691183981E-003
  7.392857476336798E-003
  7.400013724257174E-003
  7.407173434945515E-003
  7.414336608402226E-003
  7.421503244627712E-003
  7.428673343622376E-003
  7.435846905386624E-003
  7.443023929920856E-003
  7.450204417225479E-003
  7.457388367300893E-003
  7.464575780147501E-003
  7.471766655765706E-003
  7.478960994155908E-003
  7.486158795318508E-003
  7.493360059253907E-003
  7.500564785962506E-003
  7.507772975444705E-003
  7.514984627700903E-003
  7.522199742731499E-003
  7.529418320536892E-003
  7.536640361117480E-003
  7.543865864473662E-003
  7.551094830605835E-003
  7.558327259514397E-003
  7.565563151199745E-003
  7.572802505662273E-003
  7.580045322902381E-003
  7.587291602920461E-003
  7.594541345716911E-003
  7.601794551292126E-003
  7.609051219646499E-003
  7.616311350780425E-003
  7.623574944694298E-003
  7.630842001388511E-003
  7.638112520863458E-003
  7.645386503119531E-003
  7.652663948157123E-003
  7.659944855976625E-003
  7.667229226578430E-003
  7.674517059962928E-003
  7.681808356130511E-003
  7.689103115081569E-003
  7.696401336816492E-003
  7.703703021335669E-003
  7.711008168639491E-003
  7.718316778728347E-003
  7.725628851602623E-003
  7.732944387262711E-003
  7.740263385708997E-003
  7.747585846941868E-003
  7.754911770961712E-003
  7.762241157768916E-003
  7.769574007363866E-003
  7.776910319746948E-003
  7.784250094918549E-003
  7.791593332879054E-003
  7.798940033628846E-003
  7.806290197168312E-003
  7.813643823497834E-003
  7.821000912617799E-003
  7.828361464528588E-003
  7.835725479230586E-003
  7.843092956724175E-003
  7.850463897009738E-003
  7.857838300087655E-003
  7.865216165958309E-003
  7.872597494622083E-003
  7.879982286079357E-003
  7.887370540330511E-003
  7.894762257375926E-003
  7.902157437215980E-003
  7.909556079851056E-003
  7.916958185281531E-003
  7.924363753507786E-003
  7.931772784530198E-003
  7.939185278349144E-003
  7.946601234965003E-003
  7.954020654378153E-003
  7.961443536588972E-003
  7.968869881597835E-003
  7.976299689405119E-003
  7.983732960011199E-003
  7.991169693416454E-003
  7.998609889621255E-003
  8.006053548625981E-003
  8.013500670431004E-003
  8.020951255036700E-003
  8.028405302443442E-003
  8.035862812651605E-003
  8.043323785661562E-003
  8.050788221473685E-003
  8.058256120088345E-003
  8.065727481505918E-003
  8.073202305726774E-003
  8.080680592751284E-003
  8.088162342579820E-003
  8.095647555212753E-003
  8.103136230650454E-003
  8.110628368893293E-003
  8.118123969941639E-003
  8.125623033795862E-003
  8.133125560456330E-003
  8.140631549923415E-003
  8.148141002197481E-003
  8.155653917278901E-003
  8.163170295168040E-003
  8.170690135865265E-003
  8.178213439370944E-003
  8.185740205685445E-003
  8.193270434809132E-003
  8.200804126742374E-003
  8.208341281485535E-003
  8.215881899038982E-003
  8.223425979403077E-003
  8.230973522578188E-003
  8.238524528564677E-003
  8.246078997362910E-003
  8.253636928973249E-003
  8.261198323396059E-003
  8.268763180631702E-003
  8.276331500680544E-003
  8.283903283542943E-003
  8.291478529219264E-003
  8.299057237709866E-003
  8.306639409015113E-003
  8.314225043135365E-003
  8.321814140070985E-003
  8.329406699822330E-003
  8.337002722389762E-003
  8.344602207773642E-003
  8.352205155974327E-003
  8.359811566992177E-003
  8.367421440827551E-003
  8.375034777480809E-003
  8.382651576952307E-003
  8.390271839242404E-003
  8.397895564351459E-003
  8.405522752279826E-003
  8.413153403027862E-003
  8.420787516595927E-003
  8.428425092984373E-003
  8.436066132193561E-003
  8.443710634223842E-003
  8.451358599075573E-003
  8.459010026749109E-003
  8.466664917244805E-003
  8.474323270563015E-003
  8.481985086704093E-003
  8.489650365668391E-003
  8.497319107456264E-003
  8.504991312068066E-003
  8.512666979504148E-003
  8.520346109764864E-003
  8.528028702850564E-003
  8.535714758761602E-003
  8.543404277498327E-003
  8.551097259061093E-003
  8.558793703450248E-003
  8.566493610666144E-003
  8.574196980709131E-003
  8.581903813579558E-003
  8.589614109277777E-003
  8.597327867804134E-003
  8.605045089158979E-003
  8.612765773342662E-003
  8.620489920355530E-003
  8.628217530197931E-003
  8.635948602870215E-003
  8.643683138372726E-003
  8.651421136705813E-003
  8.659162597869821E-003
  8.666907521865098E-003
  8.674655908691990E-003
  8.682407758350842E-003
  8.690163070842001E-003
  8.697921846165812E-003
  8.705684084322618E-003
  8.713449785312766E-003
  8.721218949136599E-003
  8.728991575794459E-003
  8.736767665286693E-003
  8.744547217613642E-003
  8.752330232775650E-003
  8.760116710773060E-003
  8.767906651606214E-003
  8.775700055275455E-003
  8.783496921781124E-003
  8.791297251123563E-003
  8.799101043303113E-003
  8.806908298320114E-003
  8.814719016174907E-003
  8.822533196867835E-003
  8.830350840399235E-003
  8.838171946769448E-003
  8.845996515978812E-003
  8.853824548027666E-003
  8.861656042916352E-003
  8.869491000645205E-003
  8.877329421214565E-003
  8.885171304624769E-003
  8.893016650876155E-003
  8.900865459969062E-003
  8.908717731903824E-003
  8.916573466680780E-003
  8.924432664300265E-003
  8.932295324762618E-003
  8.940161448068171E-003
  8.948031034217261E-003
  8.955904083210224E-003
  8.963780595047394E-003
  8.971660569729107E-003
  8.979544007255695E-003
  8.987430907627493E-003
  8.995321270844837E-003
  9.003215096908058E-003
  9.011112385817489E-003
  9.019013137573464E-003
  9.026917352176317E-003
  9.034825029626378E-003
  9.042736169923979E-003
  9.050650773069453E-003
  9.058568839063131E-003
  9.066490367905343E-003
  9.074415359596423E-003
  9.082343814136699E-003
  9.090275731526501E-003
  9.098211111766161E-003
  9.106149954856006E-003
  9.114092260796368E-003
  9.122038029587574E-003
  9.129987261229955E-003
  9.137939955723838E-003
  9.145896113069553E-003
  9.153855733267425E-003
  9.161818816317785E-003
  9.169785362220958E-003
  9.177755370977272E-003
  9.185728842587055E-003
  9.193705777050630E-003
  9.201686174368328E-003
  9.209670034540473E-003
  9.217657357567390E-003
  9.225648143449405E-003
  9.233642392186842E-003
  9.241640103780029E-003
  9.249641278229286E-003
  9.257645915534941E-003
  9.265654015697317E-003
  9.273665578716738E-003
  9.281680604593527E-003
  9.289699093328007E-003
  9.297721044920501E-003
  9.305746459371333E-003
  9.313775336680824E-003
  9.321807676849295E-003
  9.329843479877069E-003
  9.337882745764470E-003
  9.345925474511815E-003
  9.353971666119428E-003
  9.362021320587628E-003
  9.370074437916735E-003
  9.378131018107071E-003
  9.386191061158955E-003
  9.394254567072708E-003
  9.402321535848647E-003
  9.410391967487091E-003
  9.418465861988360E-003
  9.426543219352773E-003
  9.434624039580647E-003
  9.442708322672301E-003
  9.450796068628052E-003
  9.458887277448218E-003
  9.466981949133115E-003
  9.475080083683061E-003
  9.483181681098371E-003
  9.491286741379362E-003
  9.499395264526351E-003
  9.507507250539653E-003
  9.515622699419584E-003
  9.523741611166460E-003
  9.531863985780594E-003
  9.539989823262303E-003
  9.548119123611899E-003
  9.556251886829698E-003
  9.564388112916013E-003
  9.572527801871159E-003
  9.580670953695447E-003
  9.588817568389191E-003
  9.596967645952706E-003
  9.605121186386302E-003
  9.613278189690292E-003
  9.621438655864989E-003
  9.629602584910702E-003
  9.637769976827746E-003
  9.645940831616431E-003
  9.654115149277068E-003
  9.662292929809966E-003
  9.670474173215439E-003
  9.678658879493793E-003
  9.686847048645341E-003
  9.695038680670391E-003
  9.703233775569253E-003
  9.711432333342237E-003
  9.719634353989651E-003
  9.727839837511805E-003
  9.736048783909004E-003
  9.744261193181560E-003
  9.752477065329779E-003
  9.760696400353968E-003
  9.768919198254435E-003
  9.777145459031487E-003
  9.785375182685432E-003
  9.793608369216575E-003
  9.801845018625223E-003
  9.810085130911682E-003
  9.818328706076258E-003
  9.826575744119255E-003
  9.834826245040980E-003
  9.843080208841738E-003
  9.851337635521833E-003
  9.859598525081569E-003
  9.867862877521252E-003
  9.876130692841184E-003
  9.884401971041670E-003
  9.892676712123013E-003
  9.900954916085516E-003
  9.909236582929483E-003
  9.917521712655215E-003
  9.925810305263016E-003
  9.934102360753188E-003
  9.942397879126033E-003
  9.950696860381853E-003
  9.958999304520948E-003
  9.967305211543620E-003
  9.975614581450172E-003
  9.983927414240900E-003
  9.992243709916108E-003
  1.000056346847610E-002
  1.000888668992117E-002
